125158
125159
125163
125166
125168
125169
125170
125171
125175
125176
125177
125178
125297
125315
123767
123768
123771
123772
123773
123774
123775
123793
123794
123796
123800
123803
123809
123810
123811
123812
123813
123814
123815
123816
123817
123818
123820
123938
123939
123941
123944
123951
123952
123953
123955
123956
123958
123959
123960
123961
123962
124113
124114
124115
124117
124121
124123
124125
124126
124127
124128
124129
124132
124134
124137
124138
124139
124140
124141
124299
124300
124301
124302
124309
124311
124312
124313
124314
124315
124318
124319
124321
124322
124323
124324
124326
123369
123370
123378
123380
123382
123565
123566
123567
123568
123569
123570
123591
123592
124454
124456
124458
124459
124462
124464
124465
124466
124467
124469
124472
124473
124475
124477
124644
124645
124647
124648
124650
124651
124652
124655
124657
124658
124659
124660
124663
124665
124667
124668
124807
124808
124809
124810
124812
124814
124816
124820
127619
127620
127621
127622
127623
127625
127626
127627
127630
127631
127635
127637
127638
127641
127642
127643
127644
127645
127646
127647
127650
127651
127652
127654
127657
127659
127661
127662
127663
127667
127668
127670
127673
127677
127678
127680
127681
127682
127683
127684
127685
127690
127692
127694
127695
127698
127700
127701
127702
127703
127710
127712
127721
127722
127723
127951
127955
126832
126834
126835
126836
126837
126838
126839
126842
126845
126846
126847
126851
126853
126854
126855
126856
127417
127418
127420
127421
127422
127423
127424
127425
127442
127443
127444
126252
126253
126254
126255
126256
126257
126258
126259
126260
126263
126265
126266
126268
126273
126471
126472
126473
126475
126476
126477
126478
126479
126480
126483
126485
126487
126488
126490
126492
126494
126651
126652
126653
126656
126657
126658
126662
126664
126665
126666
126667
126668
126669
126670
126673
129845
129847
129848
129849
129850
129851
129852
129853
129855
129857
129860
129861
129863
129864
129519
129522
129524
129526
129527
129529
129531
129672
129673
129674
129675
129676
129678
129680
129681
129685
129687
129689
129691
129692
129693
129707
129708
129709
129710
129711
129712
129713
129714
129715
129716
129719
129723
129724
129728
129730
129065
129066
129069
129070
129071
129072
129073
129080
122080
122081
122083
122085
122091
122264
122268
122269
122272
122273
122418
122420
122422
122423
122424
122425
122426
122427
122428
122429
122430
122432
122433
122434
122585
122586
122587
122590
122593
122594
122596
122599
122602
122603
122604
122605
122606
122783
122786
122787
122789
122796
122797
122798
122799
122800
122801
122802
122803
122804
122805
122808
122809
122810
123011
123012
123013
123014
123016
123018
123019
121899
121901
121902
121903
121904
121905
121906
121911
121912
121914
121915
