121339 0.0268382
121340 0.0312773
121343 0.0289498
121344 0.0292835
121346 0.0305416
121347 0.0288443
121348 0.0294273
121349 0.02944
121361 0.0307095
121362 0.0287804
121365 0.0304445
121369 0.0296449
121370 0.0311477
121373 0.0313671
121374 0.0306437
121375 0.0300248
121378 0.0318308
121379 0.0294421
121381 0.0311858
121382 0.0304985
121384 0.0313911
121385 0.0307018
121387 0.0302586
121390 0.0298566
121391 0.0317764
121394 0.0305803
121395 0.0309735
121396 0.0309978
121397 0.0315113
121398 0.030487
121399 0.0305513
121400 0.0306835
121401 0.0317289
121402 0.0307924
121406 0.0303298
121407 0.0309431
121408 0.0309753
121409 0.0315334
121414 0.0320296
121416 0.0315415
121418 0.0306218
121419 0.0316529
121420 0.0312696
121421 0.0291749
121422 0.0311285
121424 0.0305161
121425 0.032213
121426 0.031588
121427 0.030094
121428 0.0289675
121429 0.030878
121430 0.0317388
121432 0.0305022
121433 0.0303194
121434 0.0296211
121435 0.0311635
121436 0.0321309
121437 0.0313508
121441 0.0303502
121442 0.0308799
121446 0.0306086
121448 0.0308183
121449 0.0310534
121454 0.030821
121456 0.0316037
121458 0.0304809
121459 0.0303235
121474 0.03197
121476 0.0310497
121477 0.0309189
121479 0.0312421
121480 0.0325652
121519 0.0326026
121523 0.0317565
121525 0.0306384
121526 0.0322633
121527 0.0325904
121528 0.0322499
121529 0.0314162
121530 0.0314714
121531 0.0320981
121534 0.0310701
121535 0.0327658
121536 0.032214
121539 0.0325272
121540 0.0320772
121542 0.0314596
121543 0.0323112
121544 0.0314054
121545 0.0322746
121547 0.0317674
121548 0.0316855
121549 0.0315606
121550 0.0311618
121551 0.0317197
121552 0.0318659
121553 0.0316489
121554 0.0319607
121555 0.0322423
121556 0.0312352
121557 0.0313811
121558 0.0317961
121559 0.0318158
121560 0.0314462
121561 0.0319807
121563 0.0322046
121565 0.0320132
121567 0.0320151
121568 0.0315239
121569 0.0321832
121574 0.0312806
121576 0.0303471
121579 0.030905
121580 0.031012
121581 0.0298143
121582 0.030845
121585 0.0315656
121588 0.0308015
121590 0.0308271
121592 0.0289702
121593 0.0301601
121595 0.0308149
121608 0.0292398
121609 0.0305547
121623 0.0298781
121624 0.030443
121626 0.0316835
121628 0.0319809
121631 0.032567
121633 0.0316864
121636 0.030101
121637 0.0314741
121638 0.0314986
121639 0.0288172
121640 0.0317581
121641 0.0307432
121649 0.0311733
121650 0.0316956
121651 0.0310154
121652 0.031557
121653 0.0323127
121656 0.0297893
121678 0.0308438
121681 0.031721
121683 0.0314292
121684 0.032096
121687 0.0312098
121688 0.0320956
121689 0.0321131
121694 0.0316757
121698 0.0323143
121704 0.0333044
121705 0.0331313
121706 0.0330524
121707 0.0330501
121708 0.0323569
121710 0.0315487
121711 0.0326329
121713 0.0330729
121714 0.0316746
121715 0.033195
121716 0.0325822
121718 0.031741
121721 0.0324493
121722 0.0333128
121723 0.0320268
121724 0.0320347
121725 0.032787
121727 0.0323635
121728 0.0321025
121729 0.0293262
121732 0.0315141
121734 0.030673
121748 0.0324202
121750 0.0311587
121751 0.0297491
121752 0.0322139
121753 0.0317131
121754 0.0303176
121756 0.0315695
121758 0.0317911
121760 0.0313197
121764 0.0308003
121765 0.0297267
121766 0.0313385
121767 0.0308008
121768 0.0307963
121769 0.0316218
121771 0.0313004
121772 0.0315311
121774 0.0310147
121778 0.0313109
121779 0.0306441
121780 0.0308117
121781 0.0317623
121783 0.0318627
121784 0.0313443
121785 0.0309924
121787 0.0319862
121788 0.031707
121789 0.0306691
121790 0.0312006
121792 0.0310551
121794 0.0317954
121795 0.0317424
121799 0.0315869
121800 0.0314494
121801 0.0310597
121802 0.0309637
121803 0.0319759
121804 0.0318506
121808 0.0322595
121811 0.0317476
121812 0.0318302
121813 0.0319747
121814 0.032189
121815 0.0316898
121816 0.0316668
121817 0.0316807
121819 0.0318466
121820 0.0324325
121822 0.0315629
121823 0.0310405
121824 0.0309626
121826 0.0315411
121827 0.0336972
121841 0.0330475
121842 0.0322823
121843 0.0317983
121844 0.0321399
121846 0.0331286
121847 0.0318316
121868 0.0304978
121869 0.032187
121870 0.0318518
121872 0.0311661
121873 0.0309547
121874 0.0301172
121875 0.0317836
121876 0.0316261
121877 0.0305387
121884 0.0307751
121885 0.0305569
121887 0.0314644
121889 0.0313437
121890 0.0310152
121892 0.0325267
121897 0.0317264
121898 0.03126
121899 0.0302765
121901 0.0288147
121902 0.0301559
121903 0.0311177
121904 0.0321873
121905 0.0297319
121906 0.0321462
121911 0.0296099
121912 0.0313328
121914 0.0302231
121915 0.0303627
121916 0.0322552
121917 0.0312623
121918 0.0315547
121920 0.0323473
121924 0.0314519
121925 0.0313614
121926 0.0321854
121927 0.0315947
121928 0.0312223
121929 0.0317875
121930 0.0313748
121932 0.029003
121933 0.031482
121936 0.030616
121939 0.0318398
121940 0.0310191
121943 0.0300661
121944 0.0308122
121946 0.0296475
121948 0.0309747
121949 0.0313517
121950 0.0303579
121951 0.0305093
121952 0.0307896
121953 0.0302749
121954 0.029988
121962 0.0311946
121963 0.0300744
121965 0.0315453
121966 0.0312606
121967 0.0291353
121968 0.0311572
121969 0.0303365
121970 0.0307659
121972 0.0313454
121973 0.032131
121974 0.0309294
121975 0.0313684
121976 0.0310577
121985 0.0309695
121986 0.0310282
121987 0.0309933
121989 0.0302993
121992 0.0306953
121994 0.0317749
121995 0.0314625
121996 0.0314046
121997 0.0296692
121999 0.0313606
122001 0.0313537
122003 0.0303217
122006 0.0295138
122007 0.0311955
122064 0.0301218
122066 0.0304484
122069 0.0303135
122070 0.0302712
122071 0.0289491
122072 0.030338
122073 0.0314701
122074 0.0306824
122076 0.0322704
122077 0.0315765
122079 0.0301038
122080 0.0310584
122081 0.029601
122083 0.0302692
122085 0.0287285
122089 0.0288851
122091 0.0297112
122092 0.0289138
122093 0.0284582
122094 0.0277449
122097 0.0294494
122098 0.0295999
122099 0.0291618
122101 0.0294819
122102 0.0299028
122105 0.0284893
122108 0.029502
122109 0.0316946
122111 0.0308596
122112 0.0315059
122114 0.0315706
122116 0.0321849
122117 0.0309292
122118 0.0317437
122123 0.0315225
122124 0.0311021
122125 0.0302047
122126 0.0310029
122127 0.0321335
122129 0.0312799
122132 0.0325767
122133 0.0315289
122134 0.0302118
122136 0.0316527
122137 0.0309341
122138 0.0309987
122139 0.0315947
122141 0.031414
122142 0.0309749
122143 0.0316691
122146 0.0317397
122147 0.0320604
122148 0.0315958
122152 0.0326258
122153 0.0321686
122154 0.0326607
122156 0.0316346
122158 0.0314188
122159 0.0320492
122160 0.0305473
122164 0.0324811
122166 0.0306916
122167 0.0315546
122168 0.0314966
122169 0.0314936
122170 0.0312118
122172 0.0316886
122173 0.0322522
122174 0.0314337
122176 0.0312422
122178 0.0312621
122245 0.0311941
122246 0.0300901
122247 0.0293518
122249 0.0315001
122251 0.0278771
122252 0.0303371
122253 0.0298529
122256 0.0313456
122263 0.0331266
122264 0.0288142
122268 0.0286508
122269 0.0298524
122272 0.0285196
122273 0.0284036
122274 0.0310407
122275 0.0309551
122276 0.0306437
122277 0.0304524
122278 0.029072
122279 0.0319257
122280 0.0312502
122281 0.0307901
122283 0.0315391
122285 0.0318147
122286 0.0310005
122287 0.0310657
122288 0.0303712
122289 0.030234
122291 0.0319438
122292 0.0309466
122293 0.0312573
122294 0.0299901
122296 0.0310866
122297 0.0302964
122298 0.0305775
122300 0.0311372
122301 0.030882
122305 0.0296256
122306 0.0298317
122307 0.0296847
122309 0.0297933
122310 0.0298663
122312 0.0302833
122313 0.0305584
122314 0.0308352
122315 0.0305015
122317 0.0291382
122319 0.0297165
122321 0.0302938
122322 0.0301743
122323 0.0306521
122326 0.0307392
122330 0.0310341
122331 0.0285226
122335 0.0707817
122336 0.0303312
122339 0.032159
122341 0.0318158
122342 0.03196
122344 0.0302503
122345 0.03255
122347 0.0313697
122349 0.0310776
122350 0.0290227
122351 0.0311895
122352 0.0302335
122353 0.0297158
122354 0.0308345
122356 0.0303847
122357 0.0313111
122360 0.0305182
122363 0.0315659
122365 0.0308191
122366 0.0308251
122369 0.0308641
122409 0.0326188
122410 0.0323167
122411 0.0307931
122412 0.0330916
122413 0.0316224
122414 0.0323266
122415 0.0331992
122416 0.0319451
122418 0.0307901
122420 0.0316754
122422 0.0321937
122423 0.0314984
122424 0.0301382
122425 0.0315152
122426 0.0305644
122427 0.0319022
122428 0.0295661
122429 0.0280098
122430 0.0289337
122432 0.0294179
122433 0.0296721
122434 0.0288021
122437 0.0341035
122438 0.03151
122439 0.0314048
122440 0.0322577
122443 0.0324887
122445 0.0328387
122447 0.0335453
122448 0.0326542
122449 0.0318326
122450 0.0327553
122452 0.0324901
122453 0.0325594
122454 0.0323591
122455 0.0324626
122461 0.0329069
122462 0.0343886
122463 0.0337002
122464 0.0328006
122465 0.0323004
122466 0.0324164
122467 0.0330462
122468 0.0327944
122469 0.032368
122471 0.0327189
122472 0.032547
122473 0.0323323
122480 0.0316869
122484 0.033551
122485 0.0331456
122486 0.0327363
122487 0.0329309
122488 0.0313993
122489 0.0315174
122492 0.0321205
122493 0.0316649
122496 0.0319937
122497 0.0325594
122498 0.0323248
122500 0.032104
122501 0.0326694
122502 0.0319964
122503 0.0321767
122505 0.0329135
122507 0.032478
122508 0.0320293
122509 0.0315093
122510 0.0328567
122511 0.0314975
122514 0.0318328
122519 0.031657
122520 0.0320039
122521 0.0329846
122524 0.0326288
122525 0.0321734
122526 0.0320664
122527 0.0315663
122535 0.0334454
122536 0.0322337
122537 0.0320565
122538 0.0334967
122539 0.0314596
122540 0.0303977
122541 0.0298597
122542 0.0322333
122545 0.031606
122548 0.0320852
122549 0.0330433
122550 0.0320722
122551 0.030526
122555 0.0306166
122556 0.0322906
122557 0.0306975
122559 0.0307056
122560 0.0326258
122561 0.0309664
122562 0.0318248
122563 0.0307366
122564 0.0319406
122568 0.0313956
122569 0.0303294
122570 0.0323584
122571 0.0322671
122572 0.0318209
122573 0.0313566
122574 0.0326999
122575 0.032389
122576 0.0306804
122577 0.0319006
122579 0.0314867
122585 0.0319461
122586 0.0312326
122587 0.031825
122589 0.0321511
122590 0.0323515
122593 0.0315994
122594 0.0303138
122596 0.0293581
122599 0.0294978
122602 0.0310894
122603 0.0314965
122604 0.0306124
122605 0.0310586
122606 0.0299636
122608 0.0321677
122610 0.0324559
122613 0.0324328
122614 0.0318727
122615 0.0319123
122616 0.0329605
122618 0.0331942
122619 0.0329367
122620 0.0318311
122623 0.0338161
122625 0.0330121
122626 0.0322838
122628 0.0328559
122629 0.0319613
122630 0.0327075
122631 0.0304425
122632 0.0310553
122634 0.0308513
122640 0.032786
122641 0.0328316
122642 0.0319901
122643 0.0322982
122646 0.0319041
122647 0.0302139
122648 0.0329839
122649 0.0326154
122650 0.0323241
122652 0.033193
122653 0.0324568
122654 0.0320151
122657 0.0328445
122658 0.0314492
122661 0.0318117
122665 0.0321775
122667 0.0311601
122672 0.0315305
122673 0.0319986
122674 0.0321049
122675 0.0326517
122676 0.0327599
122677 0.0328201
122679 0.0312321
122681 0.0324305
122682 0.0321432
122683 0.0310753
122684 0.0322502
122685 0.0315413
122686 0.032009
122687 0.0325317
122689 0.0330731
122690 0.0322385
122691 0.0329294
122692 0.031641
122693 0.0318559
122695 0.0318383
122696 0.0322244
122698 0.032207
122699 0.0311833
122700 0.032688
122701 0.0319181
122702 0.0311732
122703 0.0335587
122704 0.0315923
122705 0.0330689
122708 0.0314135
122710 0.031341
122711 0.0308792
122712 0.0322993
122713 0.0320202
122714 0.0320256
122721 0.031918
122722 0.0327624
122726 0.0320849
122727 0.0327116
122728 0.0312292
122729 0.0328547
122730 0.0319421
122731 0.0319379
122733 0.0332233
122734 0.0319602
122735 0.0327224
122736 0.0320384
122737 0.0323971
122738 0.03204
122739 0.032205
122740 0.0324164
122741 0.0332247
122743 0.0325041
122744 0.0320916
122745 0.0323263
122746 0.0321508
122747 0.0322052
122749 0.0331658
122751 0.0332324
122752 0.0311399
122753 0.032009
122754 0.032476
122755 0.0321842
122766 0.0330343
122767 0.0317263
122768 0.0296893
122769 0.0314924
122770 0.0316183
122772 0.0324638
122773 0.0309148
122776 0.0337143
122777 0.0317846
122778 0.0300674
122779 0.0313152
122780 0.0304231
122781 0.0326837
122783 0.0312327
122785 0.0319634
122786 0.0323764
122787 0.0315928
122789 0.0315495
122796 0.0318528
122797 0.0313582
122798 0.0313976
122799 0.0316027
122800 0.0321421
122801 0.0314791
122802 0.0308582
122803 0.0311048
122804 0.0319194
122805 0.0312623
122808 0.0309583
122809 0.0331165
122810 0.0326991
122812 0.0320366
122813 0.0329842
122815 0.0318734
122816 0.0320857
122819 0.0313348
122820 0.0316233
122821 0.031257
122823 0.0320926
122824 0.0321968
122825 0.0326701
122826 0.0326485
122827 0.0320696
122829 0.0314036
122830 0.0318313
122831 0.0321956
122832 0.0322609
122833 0.0334011
122835 0.032567
122838 0.0322456
122841 0.0320016
122842 0.032186
122843 0.0319637
122844 0.0315227
122845 0.0318964
122846 0.0315897
122847 0.0318782
122852 0.0323152
122853 0.0310483
122855 0.0324014
122856 0.033816
122858 0.032136
122859 0.0318731
122860 0.0322072
122862 0.0320384
122863 0.0317045
122866 0.0324771
122867 0.0318257
122868 0.031665
122869 0.0314496
122870 0.0320092
122871 0.0313183
122873 0.0313621
122874 0.0311934
122879 0.0311195
122880 0.0303971
122881 0.0314646
122967 0.0311176
122986 0.0310506
122987 0.0302093
122988 0.0307233
122990 0.0297237
122993 0.0327527
122995 0.0308589
122996 0.0313567
122998 0.0297166
122999 0.0315918
123001 0.0314793
123002 0.0312929
123003 0.0319514
123004 0.0313706
123011 0.0311432
123012 0.0293692
123013 0.0319237
123014 0.0331408
123016 0.0310898
123018 0.0294363
123019 0.0303813
123020 0.032742
123021 0.0322378
123022 0.0330186
123023 0.032607
123024 0.0328582
123025 0.0330692
123026 0.0322893
123027 0.0323286
123028 0.0324374
123029 0.0329999
123034 0.0308138
123035 0.0328045
123036 0.0321098
123038 0.0335584
123039 0.032132
123040 0.0323124
123041 0.0326682
123042 0.0325144
123043 0.0319256
123044 0.0318863
123048 0.0319328
123049 0.0321574
123050 0.0319799
123051 0.0326758
123052 0.0323494
123054 0.0319496
123055 0.031313
123056 0.0308432
123058 0.0321274
123059 0.0323705
123060 0.031972
123062 0.0320015
123063 0.0316817
123065 0.0320185
123066 0.0317078
123067 0.0311828
123068 0.0320982
123070 0.0319221
123074 0.0318601
123077 0.029796
123078 0.0320112
123081 0.0326759
123083 0.0314915
123084 0.0306573
123085 0.0318902
123087 0.0324906
123088 0.0328217
123089 0.0318615
123090 0.0321601
123091 0.0324286
123093 0.0312924
123097 0.0314383
123101 0.0320284
123164 0.0290582
123165 0.0304725
123166 0.0305006
123167 0.029884
123168 0.0309734
123169 0.0292191
123170 0.0281937
123172 0.0352054
123175 0.031327
123176 0.0318308
123178 0.0323641
123193 0.0319909
123196 0.0327384
123197 0.0328502
123198 0.0333257
123200 0.0330436
123201 0.0330739
123202 0.0324426
123204 0.0329822
123205 0.0315637
123206 0.0321803
123207 0.0321945
123209 0.0330586
123210 0.0316703
123211 0.0318871
123213 0.0319809
123215 0.0310967
123218 0.0313761
123219 0.0319177
123223 0.0322977
123224 0.0323501
123225 0.0314796
123226 0.0316218
123227 0.0322722
123229 0.030766
123233 0.0333526
123237 0.0328925
123238 0.031891
123240 0.0320554
123243 0.0305566
123245 0.0324286
123248 0.0328461
123250 0.0325622
123251 0.0331125
123252 0.0332502
123253 0.0320186
123256 0.0317885
123258 0.0318805
123259 0.0303707
123260 0.031754
123261 0.0310402
123262 0.0312887
123264 0.0309802
123266 0.0300875
123267 0.0298922
123268 0.0318734
123269 0.0320466
123270 0.0309509
123272 0.0319338
123274 0.0315376
123275 0.0325381
123277 0.0313929
123278 0.0324078
123279 0.0321589
123280 0.0313254
123281 0.0315789
123285 0.032575
123290 0.0323189
123293 0.0318005
123294 0.0324759
123295 0.0320692
123300 0.0333741
123301 0.0333002
123302 0.0342944
123303 0.0326111
123304 0.0312707
123319 0
123369 0.0400627
123370 0.0392196
123378 0.0384206
123380 0.0391134
123382 0.0393287
123396 0.040457
123397 0.0404168
123400 0.0407655
123401 0.0406133
123402 0.0405987
123403 0.0408893
123404 0.0401953
123405 0.040403
123409 0.0410395
123411 0.0409118
123413 0.0402376
123414 0.0406211
123415 0.0406923
123417 0.0404011
123418 0.0409345
123419 0.040333
123420 0.0404608
123421 0.0397911
123423 0.0406186
123425 0.0403919
123426 0.0406425
123427 0.0405953
123428 0.0402079
123429 0.0404982
123430 0.0407169
123432 0.0401025
123433 0.0403531
123434 0.039288
123435 0.0426377
123436 0.0403838
123437 0.0402954
123439 0.0404766
123440 0.0406118
123441 0.0407302
123442 0.0395872
123445 0.0404474
123446 0.0400462
123447 0.0397268
123450 0.040882
123452 0.0402783
123453 0.0401008
123455 0.0403076
123456 0.0404584
123457 0.0403676
123459 0.0406005
123461 0.040293
123462 0.039678
123463 0.0402315
123464 0.0408044
123465 0.0402204
123466 0.040371
123468 0.0405929
123470 0.0400425
123471 0.0399965
123472 0.0403243
123474 0.0407454
123476 0.0409156
123477 0.040224
123478 0.0396582
123479 0.0402574
123480 0.0402541
123481 0.0399139
123484 0.0403135
123488 0.0401034
123491 0.0396633
123492 0.04003
123493 0.0389349
123495 0.0399386
123496 0.0401673
123497 0.0400502
123498 0.0405228
123499 0.0398915
123500 0.0400965
123504 0.0403202
123565 0.0385199
123566 0.0395545
123567 0.0374134
123568 0.0380183
123569 0.0388689
123570 0.0400519
123591 0.0714047
123592 0.0704777
123596 0.0396014
123597 0.0398563
123598 0.0398132
123599 0.039654
123600 0.0384892
123601 0.0401585
123602 0.0398317
123603 0.0404645
123604 0.0406357
123606 0.039706
123607 0.0398775
123608 0.0405895
123610 0.0404921
123611 0.0404518
123612 0.040132
123615 0.0401989
123616 0.0406457
123617 0.0406801
123618 0.0405316
123619 0.0400207
123620 0.0401668
123621 0.0404656
123623 0.0407681
123624 0.04016
123631 0.0400219
123632 0.0410208
123633 0.040227
123635 0.0407638
123636 0.0412112
123637 0.0396161
123638 0.0399396
123639 0.0402812
123640 0.040743
123641 0.0409938
123643 0.0404809
123644 0.04015
123645 0.0410832
123646 0.0409245
123647 0.0404608
123648 0.0410927
123650 0.0404489
123651 0.0408568
123652 0.040797
123653 0.0410248
123654 0.0399366
123656 0.0407957
123658 0.041151
123659 0.0412421
123665 0.0408353
123670 0.0405973
123672 0.0406641
123673 0.0403937
123674 0.0406407
123675 0.0408687
123678 0.0412356
123679 0.0409548
123683 0.0407855
123685 0.0414349
123686 0.0412536
123689 0.0406237
123691 0.0407017
123692 0.0408654
123693 0.0411463
123694 0.0414282
123695 0.0408535
123697 0.0406639
123698 0.0408492
123699 0.040275
123700 0.0407332
123703 0.0410293
123704 0.040836
123705 0.0415545
123706 0.0404837
123707 0.0408316
123709 0.0408627
123710 0.0394409
123714 0.041224
123715 0.0400405
123716 0.0408578
123717 0.0412026
123718 0.0404188
123767 0.0418584
123768 0.0391073
123771 0.041017
123772 0.0393901
123773 0.0393918
123774 0.0397104
123775 0.0385584
123781 0.0403579
123782 0.0394219
123783 0.0385348
123784 0.0384896
123786 0.0401212
123787 0.0394392
123789 0.0403814
123790 0.0399514
123792 0.0404989
123793 0.0387609
123794 0.0387401
123796 0.0386699
123800 0.0386962
123803 0.038242
123809 0.0385658
123810 0.038877
123811 0.0383869
123812 0.0384634
123813 0.0387125
123814 0.0385589
123815 0.0381426
123816 0.0386987
123817 0.0385399
123818 0.0391215
123820 0.0390872
123821 0.039217
123822 0.0400733
123823 0.0404464
123826 0.0409689
123828 0.0407868
123829 0.0400482
123830 0.040317
123831 0.0404821
123832 0.0400439
123833 0.040729
123836 0.0407373
123837 0.0402609
123839 0.0403907
123840 0.0401493
123841 0.0404711
123842 0.0395774
123843 0.0400671
123844 0.040817
123845 0.0403639
123847 0.0398289
123849 0.0401749
123850 0.0396891
123851 0.0402059
123852 0.0405104
123853 0.0399937
123858 0.0408269
123859 0.0399436
123860 0.0403607
123862 0.0401352
123863 0.0409915
123864 0.0396516
123865 0.039944
123866 0.040672
123867 0.040331
123868 0.0398019
123869 0.0402808
123871 0.0403223
123872 0.040068
123873 0.0405718
123874 0.0402092
123875 0.0398225
123876 0.0398516
123879 0.0402987
123881 0.0407206
123882 0.0406795
123884 0.0400324
123885 0.0401594
123886 0.0406316
123887 0.0407545
123888 0.0405068
123890 0.0402561
123891 0.0403212
123893 0.0397997
123907 0.0580645
123938 0.0381256
123939 0.0375025
123941 0.038083
123944 0.0375718
123945 0.0388497
123951 0.0393659
123952 0.0395823
123953 0.0371472
123955 0.0400764
123956 0.0379718
123958 0.0381436
123959 0.0393699
123960 0.0387531
123961 0.038294
123962 0.0392149
123963 0.0400512
123964 0.0396538
123965 0.040498
123966 0.0396269
123969 0.0404087
123970 0.0409348
123971 0.0400205
123972 0.0398497
123973 0.0403371
123974 0.0619454
123976 0.0612095
123977 0.0619062
123979 0.0620675
123980 0.0627207
123981 0.0624949
123982 0.0635752
123984 0.0635882
123985 0.0640905
123986 0.0639123
123987 0.0634029
123991 0.0416879
123992 0.0414571
123993 0.0413565
123994 0.0426312
123995 0.0417989
123996 0.0423713
123997 0.0420186
123998 0.0418359
124000 0.0410437
124001 0.04159
124007 0.0412153
124008 0.0419414
124010 0.0402846
124011 0.0406485
124012 0.0402471
124013 0.0401176
124014 0.040608
124016 0.0398011
124017 0.0395424
124019 0.0397871
124020 0.0398548
124023 0.0397627
124024 0.0398741
124025 0.0390548
124026 0.0398253
124029 0.0402551
124031 0.0399688
124032 0.0394979
124033 0.0400908
124034 0.0397826
124035 0.0397386
124037 0.0401765
124038 0.0394299
124040 0.0400295
124041 0.0391957
124080 0.0399185
124081 0.038514
124084 0.0387132
124085 0.0384519
124086 0.0403074
124087 0.0397698
124089 0.0399793
124091 0.039826
124092 0.0398849
124102 0.0403764
124103 0.0385287
124106 0.0385222
124107 0.0405446
124109 0.0390158
124110 0.0383714
124111 0.0391394
124112 0.040195
124113 0.0372801
124114 0.0380739
124115 0.0386929
124117 0.0362901
124121 0.0378149
124123 0.0388824
124125 0.0381301
124126 0.0378999
124127 0.039001
124128 0.0377507
124129 0.0388169
124132 0.0378553
124134 0.038088
124137 0.0394041
124138 0.0376449
124139 0.0372328
124140 0.0378869
124141 0.036922
124142 0.0400923
124144 0.0404509
124146 0.0406967
124148 0.0401818
124149 0.0401411
124150 0.0400281
124152 0.0399873
124153 0.0400216
124154 0.0399159
124155 0.0404336
124156 0.0398374
124159 0.0403801
124161 0.0400902
124162 0.0397621
124163 0.0400012
124165 0.0397582
124166 0.0398262
124167 0.039961
124170 0.0400869
124171 0.0397442
124172 0.0397864
124173 0.0395792
124174 0.0399425
124175 0.0398414
124176 0.0401804
124177 0.0393221
124178 0.039584
124179 0.0397585
124181 0.0402854
124185 0.0408823
124186 0.0398911
124187 0.0402283
124188 0.0393193
124190 0.0397369
124192 0.0396066
124193 0.03983
124194 0.0398386
124195 0.0398762
124196 0.0397163
124197 0.0394547
124200 0.0406746
124201 0.0408516
124202 0.0402166
124205 0.0397889
124208 0.0398614
124209 0.0399507
124210 0.039805
124212 0.0397293
124213 0.0399167
124214 0.039992
124279 0.0416101
124281 0.0390742
124282 0.0424368
124289 0.0417761
124290 0.0422918
124291 0.040834
124293 0.0415538
124294 0.0418907
124296 0.0410995
124299 0.039867
124300 0.0401245
124301 0.040077
124302 0.0393113
124309 0.0383966
124311 0.0407528
124312 0.0398029
124313 0.04001
124314 0.0387751
124315 0.038934
124318 0.039061
124319 0.0392952
124321 0.0401481
124322 0.0403845
124323 0.0404774
124324 0.0399377
124326 0.0405347
124327 0.0411519
124328 0.0407694
124329 0.040797
124330 0.0405633
124333 0.0407824
124334 0.0413868
124335 0.0407115
124336 0.0406767
124337 0.0404567
124338 0.040802
124339 0.0409362
124341 0.0415367
124343 0.041294
124344 0.0407227
124346 0.0405465
124347 0.0403642
124348 0.0406016
124349 0.0411063
124350 0.040404
124351 0.0403721
124352 0.0405883
124353 0.0406104
124354 0.0401562
124356 0.0408795
124359 0.0406928
124360 0.0401369
124361 0.0406306
124374 0.0403059
124375 0.0406408
124376 0.0406995
124377 0.0405114
124382 0.0412389
124383 0.0410407
124384 0.0419901
124385 0.0411614
124389 0.0417849
124391 0.0414858
124392 0.0411222
124393 0.0417611
124394 0.0406349
124436 0.0395591
124437 0.0392158
124440 0.0390087
124444 0.0398951
124445 0.0398261
124448 0.0407541
124449 0.0389721
124450 0.0394146
124451 0.0395549
124452 0.0367021
124454 0.0356802
124456 0.0347892
124458 0.035396
124462 0.0343029
124464 0.034184
124465 0.0359105
124466 0.0351736
124467 0.0358727
124469 0.0340942
124472 0.0362708
124473 0.0352427
124474 0.0347955
124475 0.0350909
124477 0.0363364
124478 0.0360168
124479 0.0367826
124480 0.0368107
124481 0.0391496
124482 0.038931
124484 0.0395197
124486 0.0389388
124490 0.0390811
124491 0.0386321
124492 0.0391076
124493 0.0392977
124495 0.0397752
124496 0.0393518
124497 0.0387479
124498 0.038773
124499 0.0392901
124500 0.0392632
124502 0.0391785
124505 0.0387469
124506 0.0382822
124507 0.0392101
124508 0.0390782
124509 0.0390289
124510 0.037401
124513 0.03907
124515 0.0386492
124516 0.0395085
124517 0.0386228
124518 0.0391926
124519 0.0378995
124522 0.0749339
124523 0.0401069
124524 0.0404002
124525 0.040887
124526 0.0401235
124527 0.0402441
124530 0.04071
124531 0.0404637
124532 0.0407402
124533 0.0410198
124534 0.040197
124535 0.0393415
124536 0.0402067
124537 0.0404853
124538 0.0401486
124541 0.0401576
124542 0.0406724
124543 0.0399913
124545 0.0400702
124547 0.0401439
124548 0.0399333
124569 0.031614
124572 0.0379437
124573 0.0197044
124574 0.0306681
124625 0.0404423
124626 0.0385343
124629 0.0407278
124630 0.0390936
124632 0.0401071
124633 0.0395818
124636 0.0404517
124639 0.0390475
124640 0.039296
124641 0.0403816
124643 0.0381269
124644 0.0376083
124645 0.0379793
124647 0.0389715
124648 0.0381375
124650 0.0392579
124651 0.0404895
124652 0.0383199
124655 0.0390835
124657 0.0387718
124658 0.0372487
124659 0.0394147
124660 0.0381501
124663 0.0373207
124665 0.0389665
124667 0.0395085
124668 0.0380896
124671 0.0400338
124672 0.0397948
124673 0.0402693
124674 0.0401977
124675 0.0401958
124676 0.0404226
124677 0.0402112
124679 0.0409218
124680 0.0400412
124681 0.0406619
124684 0.0401545
124685 0.0402027
124687 0.0408179
124688 0.0402828
124690 0.0406531
124691 0.0404324
124699 0.0403485
124701 0.0405126
124702 0.0405235
124704 0.0402943
124705 0.0400795
124706 0.0401767
124707 0.0406095
124708 0.0401387
124709 0.0407803
124711 0.0411186
124712 0.0404111
124713 0.0408804
124714 0.0401914
124716 0.0401409
124718 0.0399389
124719 0.0404226
124720 0.0407948
124721 0.0398637
124722 0.0398627
124725 0.0403116
124726 0.0398846
124727 0.0405303
124728 0.0406527
124729 0.0405122
124730 0.0407412
124731 0.0403567
124732 0.040191
124733 0.0402697
124734 0.0400527
124735 0.0401787
124736 0.040203
124747 0.0217391
124767 0.031109
124779 0.0403405
124780 0.0397569
124785 0.0379726
124786 0.035901
124796 0.0395767
124807 0.0367499
124808 0.0399804
124809 0.0406236
124810 0.0380403
124812 0.0386748
124814 0.0382806
124816 0.0402123
124820 0.0401751
124822 0.0406875
124823 0.0408545
124824 0.040987
124828 0.0409114
124831 0.039699
124836 0.0404324
124845 0.0406382
124849 0.0403037
124851 0.0398873
124852 0.0396817
124853 0.0395215
124855 0.0399878
124856 0.0398786
124860 0.0397834
124861 0.0402253
124862 0.0398865
124863 0.0399833
124864 0.0402791
124865 0.0400054
124870 0.0400858
124871 0.0401585
124875 0.0396243
124877 0.040273
124878 0.0400638
124879 0.0403146
124880 0.0402837
124881 0.0405378
124882 0.0398286
124883 0.0400894
124884 0.0401626
124886 0.039913
124887 0.0399269
124888 0.0399352
124889 0.0397703
124890 0.0395652
124892 0.0401763
124894 0.0398774
124895 0.0395637
124896 0.0401983
124897 0.0395337
124898 0.039907
124899 0.0399184
124901 0.0401298
124902 0.0403403
124903 0.0415051
124904 0.0400958
124905 0.0400378
124906 0.0389853
124907 0.0403204
124909 0.0399263
124912 0.0405371
124913 0.0396149
124915 0.0397645
124917 0.039673
124925 0.0297701
124927 0.0301761
124930 0.0302079
124932 0.0294141
124934 0.0306136
124935 0.0288462
124936 0.0300589
124954 0.0395294
124960 0.0385822
124961 0.0378917
124962 0.0393584
124963 0.0397407
124966 0.0394426
124967 0.0371189
124968 0.0381063
124969 0.0387215
124970 0.0380952
124971 0.0385548
124972 0.0377376
124973 0.0401144
124974 0.0408977
124975 0.0398462
124979 0.0400361
124981 0.0402015
124982 0.0408001
124984 0.0400691
124986 0.0404245
124988 0.0412835
124989 0.0409718
124992 0.0417353
124993 0.0403008
124994 0.0408918
124995 0.039909
124997 0.042691
124999 0.0402982
125000 0.040041
125001 0.0403495
125003 0.0409977
125004 0.0402372
125009 0.0410738
125012 0.0393813
125015 0.0394844
125017 0.0402109
125020 0.0400689
125021 0.0401183
125022 0.0406619
125023 0.040351
125025 0.0410802
125026 0.04039
125028 0.0396148
125029 0.0401614
125030 0.0396096
125031 0.0400351
125032 0.0404947
125033 0.0406133
125034 0.0400501
125036 0.0402019
125038 0.0401808
125039 0.0408061
125040 0.0403825
125042 0.0400782
125043 0.040152
125048 0.040022
125049 0.0400373
125051 0.039995
125054 0.0399329
125055 0.0405067
125056 0.0402715
125057 0.0392767
125058 0.0395254
125059 0.039905
125061 0.0403146
125062 0.0403043
125064 0.0398541
125065 0.0403925
125067 0.0400971
125068 0.0396052
125070 0.0398951
125072 0.0415439
125075 0.0397722
125076 0.0402149
125077 0.0404126
125078 0.0401219
125079 0.0401586
125081 0.0394861
125082 0.0386802
125086 0.0400827
125094 0.0310745
125095 0.0333774
125097 0.0312453
125098 0.0301597
125119 0.0405052
125120 0.0398809
125121 0.0397078
125122 0.0399005
125125 0.0408547
125126 0.0387593
125127 0.0405784
125148 0.0405014
125149 0.0404893
125151 0.0402755
125153 0.0403885
125154 0.0405733
125155 0.0401549
125158 0.0404614
125159 0.0388663
125160 0.038212
125163 0.0356504
125166 0.0366037
125168 0.0400343
125169 0.0387709
125170 0.0391505
125171 0.0338869
125175 0.0389909
125176 0.038045
125177 0.0391252
125178 0.0376851
125179 0.0395265
125181 0.0401798
125183 0.0401359
125184 0.0395959
125187 0.0397417
125188 0.0398824
125189 0.0400299
125190 0.0396492
125191 0.0392159
125192 0.0397061
125193 0.0399241
125194 0.0402993
125196 0.0399411
125197 0.0399497
125198 0.0394084
125199 0.0408921
125200 0.0394794
125201 0.039847
125202 0.0392831
125205 0.0398183
125206 0.0402735
125207 0.0398964
125209 0.0388177
125211 0.0402493
125212 0.0400556
125213 0.0394786
125214 0.0397484
125215 0.0403082
125217 0.0392376
125222 0.0396532
125224 0.0401808
125225 0.0402233
125226 0.0394298
125227 0.0398436
125228 0.0401432
125229 0.0401833
125231 0.0397068
125232 0.0405617
125233 0.0396016
125234 0.0398432
125236 0.0401544
125237 0.0399716
125238 0.039655
125239 0.0391603
125243 0.0398789
125245 0.0394915
125246 0.039255
125247 0.0397325
125249 0.0383924
125251 0.0401588
125254 0.0408053
125255 0.0405832
125256 0.0388003
125257 0.0392564
125259 0.0401434
125260 0.0376015
125261 0.0403654
125262 0.0393737
125264 0.0400882
125285 0.0392612
125286 0.0409853
125287 0.0402407
125290 0.0390271
125291 0.0406043
125293 0.0392948
125294 0.0398317
125295 0.0402315
125297 0.0364011
125303 0.0400439
125305 0.0382457
125307 0.0395717
125308 0.0394501
125309 0.039706
125310 0.0398703
125311 0.0394895
125312 0.040209
125315 0.0386196
125316 0.0403329
125317 0.0402232
125318 0.0396897
125320 0.0401714
125325 0.0407238
125326 0.0404844
125327 0.0403768
125329 0.0406416
125331 0.0400822
125335 0.0397276
125337 0.0408269
125338 0.0394855
125339 0.0404612
125340 0.040268
125342 0.0400101
125343 0.0401574
125344 0.0399455
125345 0.0402992
125346 0.0404362
125347 0.0403896
125348 0.0394442
125351 0.0394497
125353 0.0401143
125354 0.0406206
125357 0.0393988
125358 0.0399635
125360 0.0405755
125361 0.0399353
125362 0.0408002
125363 0.0392926
125364 0.0400706
125366 0.0402249
125367 0.0400208
125368 0.0398296
125369 0.0390474
125370 0.0395067
125371 0.0397793
125372 0.0399311
125373 0.0395808
125375 0.0409352
125377 0.0404567
125378 0.040386
125380 0.0400836
125382 0.040021
125384 0.0407312
125389 0.040697
125390 0.0397379
125391 0.0402045
125392 0.0404221
125393 0.0388784
125395 0.0404575
125396 0.0401588
125397 0.0396942
125398 0.0404245
125399 0.0397881
125400 0.0403041
125403 0.0399604
125404 0.0400332
125405 0.0401408
125407 0.040936
125408 0.0398242
125416 0.0392937
126252 0.0364116
126253 0.0354446
126254 0.0364735
126255 0.0365411
126256 0.0379606
126257 0.0377566
126258 0.0363604
126259 0.0362678
126260 0.0366878
126263 0.0353657
126265 0.036664
126266 0.0353534
126268 0.0373578
126273 0.0375718
126276 0.042547
126288 0.0392689
126290 0.039184
126292 0.0389676
126293 0.0380385
126294 0.0384783
126296 0.0385662
126298 0.0384384
126299 0.0388964
126300 0.038526
126302 0.0383591
126304 0.038806
126305 0.0379761
126308 0.0384203
126309 0.0386958
126310 0.0389506
126311 0.038313
126314 0.0391743
126315 0.0386291
126316 0.0391263
126318 0.0383444
126322 0.0385751
126323 0.0384897
126325 0.0401873
126326 0.039102
126329 0.0393959
126341 0.036323
126344 0.0379392
126345 0.0390339
126347 0.0388187
126349 0.0388686
126352 0.0386605
126353 0.0386189
126354 0.0393456
126355 0.0395436
126356 0.0390487
126359 0.0401041
126361 0.0404693
126362 0.038631
126364 0.0392477
126367 0.039583
126369 0.0393966
126370 0.0386166
126371 0.0385924
126372 0.0389696
126373 0.0391012
126374 0.0392863
126376 0.0389424
126429 0.0385926
126431 0.039058
126432 0.0387356
126433 0.0395796
126434 0.0380475
126435 0.0366642
126436 0.037239
126449 0.0373949
126451 0.0378879
126453 0.0382647
126454 0.0368252
126460 0.0384696
126461 0.0403916
126462 0.0389823
126464 0.0398295
126465 0.0402042
126467 0.0401085
126469 0.0391821
126471 0.037628
126472 0.0387345
126473 0.0383122
126475 0.0379873
126476 0.040351
126477 0.038909
126478 0.038232
126479 0.0377903
126480 0.0374544
126483 0.0364073
126485 0.0381658
126487 0.0386523
126488 0.0368465
126490 0.0369289
126492 0.0381174
126494 0.0383092
126496 0.0357698
126499 0.0349142
126503 0.0388733
126505 0.0398094
126506 0.0396045
126507 0.0382163
126508 0.0380475
126509 0.0380483
126510 0.0376642
126511 0.0373335
126512 0.0392746
126513 0.0378327
126514 0.0378855
126517 0.0396418
126520 0.0381172
126521 0.0396397
126522 0.0390355
126523 0.0387272
126527 0.038728
126528 0.0381061
126531 0.0385529
126532 0.0392324
126535 0.0384758
126536 0.0389441
126538 0.0389528
126539 0.0387588
126540 0.0388582
126541 0.0384469
126542 0.0375602
126543 0.0376198
126546 0.0390059
126552 0.0383753
126554 0.0395238
126555 0.0387078
126556 0.0386917
126557 0.0391337
126559 0.0387907
126562 0.0390115
126563 0.0387368
126564 0.0381984
126566 0.0384004
126568 0.0380189
126569 0.0388237
126572 0.0381013
126573 0.0391588
126575 0.0389389
126576 0.0390529
126577 0.0393005
126578 0.038611
126579 0.0383267
126581 0.0388263
126618 0.0369573
126619 0.041984
126621 0.0381166
126622 0.0397392
126624 0.0385767
126625 0.0426057
126641 0.00806452
126643 0.0473934
126644 0.0272109
126646 0.0444288
126647 0.0469012
126651 0.0400497
126652 0.0372073
126653 0.0383277
126656 0.0378486
126657 0.0378458
126658 0.0382489
126662 0.0376844
126664 0.0362938
126665 0.0371053
126666 0.0372148
126667 0.0377685
126668 0.0367673
126669 0.0362357
126670 0.0371517
126673 0.0373699
126676 0.0387986
126677 0.0382156
126679 0.039258
126680 0.0393969
126682 0.0380767
126683 0.0389696
126684 0.0376056
126685 0.0393739
126688 0.0378953
126689 0.0380516
126690 0.0395536
126691 0.0383967
126692 0.0376161
126693 0.038535
126695 0.0388314
126699 0.0390879
126701 0.0384254
126702 0.0389257
126703 0.0394946
126704 0.039306
126706 0.0390281
126707 0.0391326
126709 0.0396557
126710 0.0393687
126711 0.0378808
126714 0.0391614
126716 0.038112
126717 0.0380512
126718 0.0369342
126719 0.0391701
126720 0.0378756
126721 0.0366718
126722 0.0394627
126723 0.0388628
126725 0.0397115
126728 0.0395519
126729 0.0388675
126731 0.0398038
126732 0.0395193
126733 0.0390628
126734 0.0386381
126735 0.0389713
126736 0.0388148
126737 0.0386784
126738 0.0383908
126740 0.0380996
126744 0.039567
126745 0.0391037
126746 0.0387485
126747 0.0388291
126749 0.0383637
126776 0.0384721
126777 0.0395373
126778 0.0393399
126779 0.0384002
126780 0.0368503
126782 0.0395576
126783 0.0392831
126814 0.0399248
126815 0.0379811
126817 0.0385185
126821 0.0408579
126823 0.0403009
126824 0.0390859
126825 0.039334
126831 0.0378463
126832 0.0391041
126833 0.0382101
126834 0.0373555
126835 0.0384841
126836 0.0370727
126837 0.0369038
126838 0.0350937
126839 0.0353817
126842 0.0361077
126845 0.0366757
126846 0.0362137
126847 0.0366868
126851 0.0376743
126853 0.0371259
126854 0.0372507
126855 0.0384398
126856 0.0385859
126858 0.0398246
126859 0.0396793
126862 0.0393038
126866 0.0377244
126868 0.0377567
126869 0.0377067
126870 0.0380426
126871 0.0380857
126872 0.0379983
126874 0.0376878
126875 0.0374512
126877 0.0375997
126878 0.0379201
126879 0.0368149
126880 0.0372566
126881 0.0377032
126882 0.0374226
126883 0.0378861
126890 0.0379321
126892 0.0379056
126893 0.0378993
126894 0.0394346
126895 0.0386492
126906 0.0366583
126907 0.0358867
126909 0.0381588
126910 0.0378469
126911 0.0381219
126912 0.0374295
126913 0.0369854
126914 0.0376114
126915 0.0373435
126923 0.0379432
126925 0.0377071
126926 0.0381412
126929 0.0386207
126931 0.0372496
126932 0.038722
126933 0.0375852
126934 0.0380307
126936 0.0383636
126956 0.0282353
126957 0.0273561
126958 0.030316
126992 0.0366972
126994 0.0393182
126995 0.0409507
126996 0.0376987
126997 0.04105
126998 0.0466538
126999 0.039858
127000 0.0414372
127001 0.0421825
127002 0.0362903
127003 0.0420358
127004 0.0403785
127006 0.0408393
127017 0.042249
127022 0.037535
127023 0.0387597
127024 0.0418442
127025 0.0395752
127026 0.0400099
127028 0.0388031
127029 0.0147059
127031 0.0386095
127032 0.038489
127033 0.0408996
127034 0.0405673
127059 0.0380458
127061 0.0377498
127062 0.0371878
127064 0.0390364
127065 0.0371071
127066 0.0384797
127067 0.0379679
127068 0.0399572
127070 0.0380639
127071 0.0380525
127072 0.0377688
127073 0.0385406
127074 0.039301
127097 0.0375647
127099 0.036734
127107 0.0376221
127108 0.0370316
127110 0.0386395
127111 0.0372249
127112 0.0399875
127113 0.0378863
127114 0.0382367
127115 0.0366964
127116 0.0374788
127135 0.036376
127136 0.0425663
127138 0.036439
127139 0.0412396
127140 0.0379684
127141 0.0406282
127180 0.0978723
127181 0.042623
127182 0.0389513
127185 0.0438274
127186 0.0437571
127187 0.0403113
127188 0.0407694
127190 0.0415306
127191 0.0395172
127193 0.0395777
127195 0.0396544
127196 0.0413227
127197 0.041553
127198 0.0398041
127199 0.040848
127206 0.0382375
127213 0.0385927
127214 0.0396126
127215 0.040237
127217 0.0373457
127218 0.0401985
127219 0.0387699
127221 0.0375594
127222 0.0384355
127224 0.0360858
127228 0.0362529
127229 0.0385756
127231 0.0396275
127234 0.0383278
127235 0.038851
127237 0.0372462
127238 0.0359519
127240 0.0382705
127241 0.0360935
127247 0.0381147
127249 0.0376411
127250 0.0375435
127251 0.0400526
127254 0.0386809
127257 0.0394167
127261 0.0394265
127262 0.0401618
127263 0.0384303
127264 0.040412
127266 0.0397452
127267 0.0411583
127268 0.0399757
127269 0.040162
127270 0.0405496
127271 0.0400835
127272 0.039632
127273 0.03972
127278 0.0387936
127279 0.0390857
127280 0.0385653
127283 0.040145
127285 0.0399138
127287 0.0387944
127289 0.039237
127290 0.0384023
127291 0.0388006
127294 0.0382396
127295 0.0394103
127296 0.0380637
127297 0.0394226
127304 0.0394601
127306 0.0390549
127307 0.0389682
127308 0.039207
127312 0.0386722
127314 0.0387541
127315 0.0385503
127317 0.038418
127318 0.0377735
127319 0.0390377
127320 0.0386393
127321 0.0399561
127322 0.0393246
127325 0.0395673
127327 0.0395122
127328 0.0397395
127329 0.0384889
127330 0.0389329
127417 0.0365084
127418 0.0358142
127419 0.0375956
127420 0.0399524
127421 0.0380879
127422 0.0390247
127423 0.0390721
127424 0.0401198
127425 0.0382949
127442 0.0388907
127443 0.0395293
127444 0.0372822
127459 0.0378828
127460 0.039388
127461 0.0396385
127462 0.0388483
127465 0.0605614
127467 0.0597464
127472 0.0489554
127473 0.047114
127477 0.0487281
127478 0.0479204
127479 0.0477385
127481 0.0473328
127482 0.0473532
127483 0.047826
127488 0.0460306
127489 0.0487573
127492 0.0480839
127493 0.0475263
127498 0.038639
127499 0.0389078
127501 0.0377952
127502 0.0385359
127503 0.0393082
127504 0.0379075
127506 0.0388154
127507 0.0385234
127508 0.0387603
127509 0.0389045
127510 0.0397913
127512 0.0378558
127513 0.038629
127518 0.0385491
127521 0.0393964
127523 0.0384031
127524 0.0387138
127525 0.038606
127527 0.0385555
127531 0.0380608
127532 0.0378844
127534 0.0388714
127535 0.0387094
127536 0.0383445
127537 0.0388794
127538 0.0380778
127539 0.0382338
127540 0.0385611
127542 0.0387536
127544 0.0384543
127545 0.039447
127588 0.0392378
127589 0.0396621
127592 0.0390905
127594 0.0387976
127598 0.038412
127600 0.0378876
127601 0.039787
127602 0.0382462
127603 0.0379814
127606 0.0375979
127610 0.0398024
127611 0.0388104
127612 0.0398435
127613 0.0393445
127615 0.0381858
127619 0.0383352
127620 0.0394721
127621 0.0381664
127622 0.0377551
127623 0.0390154
127625 0.0373322
127626 0.0362924
127627 0.0388631
127630 0.0390327
127631 0.0386417
127635 0.0377206
127637 0.0377384
127638 0.0388257
127641 0.0367784
127642 0.0365864
127643 0.0368999
127644 0.0373828
127645 0.037921
127646 0.0382256
127647 0.0387968
127650 0.0394938
127651 0.0369755
127652 0.0377061
127654 0.0380129
127657 0.0376197
127659 0.039066
127661 0.0378763
127662 0.0383459
127663 0.0388209
127664 0.0376612
127667 0.0382789
127668 0.0384764
127670 0.0377622
127673 0.0380221
127677 0.0380412
127678 0.0385878
127680 0.0396014
127681 0.0388779
127682 0.0391333
127683 0.0390343
127684 0.038287
127685 0.0388524
127690 0.0384535
127691 0.0381178
127692 0.0383028
127694 0.0377951
127695 0.0384979
127698 0.0389003
127700 0.0382444
127701 0.0380101
127702 0.0380611
127703 0.0380538
127704 0.0373066
127710 0.0379275
127711 0.0370157
127712 0.0368295
127721 0.0375971
127722 0.0376964
127723 0.0368984
127725 0.0360887
127729 0.0483924
127731 0.054168
127735 0.0496664
127737 0.0513277
127739 0.0546814
127740 0.0483508
127761 0.0410772
127762 0.0401658
127764 0.0390297
127765 0.0396987
127766 0.0382521
127767 0.0396688
127768 0.0408185
127769 0.0381834
127770 0.0403147
127791 0.0378314
127793 0.0353792
127794 0.0384411
127795 0.0389638
127796 0.0391002
127797 0.0393041
127798 0.0392653
127799 0.0410563
127800 0.0398481
127802 0.0390243
127803 0.0366934
127804 0.0378764
127805 0.0387154
127806 0.0371331
127807 0.038946
127809 0.0392723
127810 0.0401654
127813 0.0383513
127814 0.0371546
127815 0.0392795
127818 0.0385515
127819 0.0390614
127820 0.0390364
127822 0.0391897
127826 0.0373168
127828 0.0378809
127830 0.0400839
127831 0.0375943
127832 0.0374182
127833 0.0375376
127834 0.0377757
127835 0.0380108
127837 0.0381566
127838 0.0362255
127839 0.0382206
127840 0.0374998
127841 0.0372072
127842 0.0377691
127843 0.0386095
127844 0.0387769
127845 0.0374385
127846 0.0388556
127856 0.0395898
127858 0.03881
127859 0.0391419
127861 0.0400315
127863 0.0403534
127864 0.0392123
127865 0.0403331
127866 0.0392402
127867 0.0403329
127870 0.0391857
127874 0.039184
127877 0.0388076
127880 0.0388732
127884 0.039373
127885 0.038764
127886 0.0408645
127889 0.0383041
127891 0.0391845
127892 0.0391678
127893 0.0405805
127894 0.0406976
127895 0.0404532
127897 0.0394521
127902 0.049378
127904 0.0484018
127905 0.0464367
127924 0.0399212
127925 0.0388259
127927 0.0392643
127928 0.0387989
127931 0.040445
127932 0.039483
127933 0.0372941
127951 0.039596
127955 0.0349358
127958 0.037939
127959 0.0384577
127961 0.040835
127962 0.0402822
127963 0.040468
127967 0.0399636
127968 0.0390272
127969 0.0413692
127970 0.0403023
127971 0.0404385
127981 0.040145
127984 0.0411545
127986 0.0404848
127989 0.0404774
127990 0.0404774
127991 0.0398805
127992 0.0406848
127994 0.0410744
127995 0.0410761
127996 0.0404704
127997 0.0410385
127998 0.0396653
127999 0.0404196
128000 0.0410481
128001 0.0393002
128003 0.040331
128004 0.0395866
128005 0.0399086
128006 0.0383998
128007 0.0401979
128008 0.0398473
128009 0.0400278
128010 0.0404146
128011 0.0412659
128012 0.0394888
128017 0.0396954
128019 0.0411948
128020 0.0405087
128021 0.0403959
128022 0.0438386
128024 0.0385023
128025 0.0392584
128029 0.0383465
128030 0.0410022
128031 0.0403643
128032 0.0393355
128035 0.0401787
128036 0.0401362
128040 0.0408826
128043 0.0392664
128044 0.0407983
128046 0.0392703
128050 0.0412902
128052 0.0385446
128054 0.0403976
128055 0.0392616
128056 0.0397566
128063 0.0413801
128064 0.039802
128065 0.0401869
128068 0.0513514
128069 0.0519001
128086 0.0397386
128101 0.0383038
128105 0.0381624
128106 0.038835
128109 0.0356634
128111 0.0389641
128115 0.0381664
128116 0.0395211
128117 0.0360657
128121 0.0394853
128122 0.0399624
128123 0.0390853
128124 0.0381097
128125 0.0383344
128128 0.039197
128130 0.0368298
128131 0.0387831
128132 0.0407536
128133 0.0386424
128134 0.0379616
128135 0.0367908
128137 0.0378446
128138 0.0366794
128141 0.0388935
128144 0.0372034
128145 0.0374965
128146 0.0372433
128147 0.0381089
128148 0.0388915
128149 0.0360148
128150 0.0379917
128152 0.0388019
128153 0.0377873
128154 0.0367368
128155 0.0389247
128157 0.0388791
128158 0.0389407
128160 0.0381562
128163 0.0392041
128169 0.0377079
128170 0.0386996
128171 0.039303
128172 0.0380893
128173 0.0373269
128176 0.0391967
128177 0.0377661
128178 0.0388523
128179 0.0385801
128180 0.0393489
128181 0.0389275
128182 0.0374698
128185 0.0393116
128186 0.0393894
128187 0.0385419
128188 0.0378981
128189 0.040199
128190 0.0390669
128194 0.037999
128195 0.0365675
128197 0.039246
128198 0.0377777
128199 0.0380102
128200 0.0385745
128201 0.0390495
128202 0.0390903
128204 0.0384817
128208 0.0375557
128210 0.039346
128211 0.0391314
128212 0.0387292
128213 0.0392907
128214 0.0384023
128215 0.0390165
128217 0.0383505
128220 0.0391292
128223 0.0386285
128238 0.0387067
128260 0.0374923
128263 0.0414383
128264 0.0337906
128265 0.0399777
128266 0.0433408
128268 0.0382785
128285 0.0436491
128288 0.0421659
128289 0.0444728
128290 0.0398829
128291 0.0422048
128293 0.0434221
128294 0.0412439
128295 0.0431692
128297 0.0447003
128298 0.0437024
128303 0.040666
128305 0.0400567
128306 0.0403595
128307 0.0393281
128309 0.0385701
128310 0.0399587
128312 0.0407737
128313 0.0405565
128314 0.0403632
128315 0.0409517
128316 0.0404486
128326 0.0393865
128327 0.0402328
128341 0.0391978
128348 0.0396807
128350 0.0399073
128351 0.0391282
128354 0.0404344
128356 0.0391188
128357 0.039794
128360 0.0398293
128362 0.038926
128363 0.0392191
128364 0.0400775
128365 0.0399793
128366 0.0396674
128369 0.0388422
128372 0.039171
128373 0.038848
128376 0.0404738
128377 0.0402744
128378 0.0397436
128379 0.0395104
128380 0.0398709
128382 0.0396476
128383 0.040415
128387 0.0405652
128389 0.0395349
128391 0.039623
128392 0.0401034
128393 0.0399312
128394 0.0407099
128395 0.0404767
128396 0.0400944
128397 0.0407692
128399 0.0397916
128400 0.0403019
128401 0.0396581
128760 0.0392526
128766 0.0389354
128768 0.0373777
128770 0.0372172
128771 0.0388674
128775 0.0380194
128777 0.0377715
128780 0.0400972
128782 0.0405477
128787 0.0390311
128788 0.0398106
128789 0.0397282
128790 0.0387099
128792 0.0402771
128793 0.0387789
128797 0.0394205
128798 0.0402185
128800 0.0386557
128809 0.0394041
128812 0.0371895
128813 0.0393387
128815 0.0392539
128818 0.0394464
128820 0.0394412
128821 0.0402447
128824 0.0384693
128828 0.0390408
128831 0.0380216
128832 0.0376098
128833 0.0381092
128834 0.0379818
128837 0.0384598
128840 0.0383543
128841 0.0385738
128842 0.0383227
128846 0.0379448
128849 0.0355614
128852 0.038576
128856 0.0374118
128857 0.03626
128860 0.0383483
128863 0.0378402
128866 0.0380167
128868 0.0373709
128869 0.0388493
128870 0.0396552
128871 0.0383349
128872 0.0361125
128916 0.0404176
128917 0.04101
128918 0.0394913
128919 0.039593
128931 0.0376686
128932 0.038614
128934 0.0385087
128938 0.0394809
128939 0.039682
128941 0.0379237
128942 0.0393962
128944 0.0399622
128945 0.0383994
128949 0.04
128950 0.0386137
128951 0.0389743
128952 0.0388442
128953 0.0388925
128954 0.0394285
128955 0.0403242
128957 0.040094
128958 0.0391967
128963 0.0394452
128964 0.0393476
128965 0.0399108
128966 0.0387914
128968 0.0391037
128971 0.039151
128972 0.0387721
128973 0.039547
128974 0.0404217
128975 0.0388388
128981 0.0394281
128985 0.040429
128986 0.0401271
128987 0.0390471
128991 0.0382549
128992 0.0386765
128994 0.0394593
128998 0.0401603
129000 0.0417113
129002 0.0407502
129004 0.0410953
129006 0.041337
129012 0.0415789
129015 0.0409869
129016 0.0407288
129018 0.0407393
129019 0.0401268
129020 0.0411895
129021 0.0407594
129023 0.0403361
129025 0.0404912
129026 0.0404853
129027 0.0407056
129028 0.041047
129029 0.0409818
129030 0.0406007
129031 0.0414823
129032 0.0410157
129033 0.039123
129034 0.0399231
129037 0.0395206
129041 0.039471
129042 0.039371
129044 0.0391365
129047 0.0392395
129048 0.0387445
129050 0.0385635
129052 0.03703
129053 0.0400063
129054 0.039401
129055 0.0394471
129056 0.0386725
129058 0.0399902
129059 0.0392801
129062 0.0398674
129063 0.0367117
129065 0.0374712
129066 0.0381358
129068 0.0370509
129069 0.0365897
129070 0.0370504
129071 0.0374617
129072 0.0366176
129073 0.0375758
129080 0.0376587
129146 0.04058
129147 0.0395559
129148 0.0397782
129149 0.0399246
129150 0.0386616
129156 0.040809
129157 0.0399104
129158 0.0399785
129159 0.0400853
129160 0.0396935
129162 0.0407603
129163 0.0397889
129167 0.0402106
129168 0.0392329
129169 0.0398651
129170 0.0394021
129171 0.0398209
129172 0.0418253
129173 0.0404449
129174 0.0399977
129178 0.0408988
129179 0.0400175
129180 0.0394175
129181 0.0396519
129183 0.0401243
129185 0.0400233
129186 0.0393995
129189 0.0400676
129191 0.0378678
129192 0.0397284
129193 0.039605
129194 0.0410876
129195 0.0392244
129196 0.0410023
129197 0.040922
129200 0.0395292
129202 0.0396207
129203 0.039992
129204 0.039826
129205 0.039538
129207 0.0409483
129208 0.0398143
129219 0.0422719
129221 0.0354981
129519 0.0388208
129521 0.0381936
129522 0.0353017
129524 0.0381613
129526 0.038528
129527 0.0392485
129529 0.0391046
129531 0.0366705
129535 0.0386833
129536 0.0389526
129538 0.0383547
129539 0.0390687
129540 0.0387626
129541 0.040121
129545 0.0387828
129549 0.0389752
129550 0.0388339
129551 0.0397784
129552 0.0389794
129553 0.0372375
129564 0.0392995
129566 0.0395052
129567 0.038931
129568 0.0389188
129572 0.0400117
129573 0.0380707
129574 0.0395991
129575 0.0391225
129576 0.0386529
129579 0.03951
129580 0.0380117
129582 0.0394002
129591 0.0399048
129607 0.0394868
129611 0.0395632
129617 0.0403149
129618 0.0397946
129619 0.039362
129620 0.03986
129623 0.0402325
129626 0.0385536
129629 0.0390478
129630 0.0395681
129631 0.0389925
129632 0.0395941
129633 0.0389713
129635 0.0395401
129637 0.0401093
129638 0.040399
129641 0.0392598
129643 0.03983
129644 0.0394737
129645 0.0387382
129646 0.0396957
129648 0.0397014
129649 0.039334
129651 0.0389462
129652 0.0388573
129653 0.0388133
129655 0.0390552
129656 0.0391822
129659 0.0405224
129660 0.0391842
129672 0.0398746
129673 0.0393351
129674 0.0385887
129675 0.0380358
129676 0.0366323
129678 0.0375551
129680 0.0385295
129681 0.0352734
129685 0.0389617
129687 0.037569
129689 0.0373286
129691 0.0355858
129692 0.0371269
129693 0.0373116
129707 0.0385825
129708 0.0372843
129709 0.0396617
129710 0.0382151
129711 0.0374411
129712 0.038599
129713 0.0385184
129714 0.0384108
129715 0.0372096
129716 0.0387535
129719 0.0370013
129723 0.0385523
129724 0.037765
129728 0.0379548
129730 0.0384125
129731 0.0397425
129732 0.03948
129733 0.040194
129734 0.0398667
129737 0.0396014
129738 0.0392332
129739 0.0394605
129740 0.0399646
129741 0.0392116
129742 0.0392454
129743 0.0398529
129752 0.039603
129753 0.0400348
129754 0.0386902
129756 0.047429
129757 0.039747
129758 0.0408956
129760 0.0393917
129761 0.0394204
129762 0.0392266
129763 0.0379723
129764 0.0395841
129768 0.0389343
129769 0.0393384
129771 0.0397297
129772 0.0396991
129773 0.039556
129774 0.0395638
129775 0.0395671
129778 0.0391062
129780 0.0395445
129781 0.0395076
129783 0.0390208
129784 0.0388083
129786 0.0388433
129787 0.0392776
129788 0.0395693
129789 0.0402213
129790 0.0391564
129791 0.0390579
129792 0.039147
129795 0.0390338
129796 0.0388268
129797 0.0397184
129798 0.0390233
129799 0.0388401
129800 0.0389735
129803 0.0389857
129804 0.0395176
129805 0.0396109
129806 0.0394449
129808 0.0405187
129809 0.0394546
129811 0.0397478
129812 0.0399811
129813 0.0403617
129814 0.0402874
129817 0.0400301
129818 0.0400051
129819 0.0404826
129820 0.0398864
129824 0.0383399
129831 0.0390957
129833 0.0394082
129834 0.0394348
129835 0.0393127
129836 0.0391057
129837 0.0396438
129841 0.0390151
129844 0.0369226
129845 0.0369514
129847 0.0381516
129848 0.0386453
129849 0.0372385
129850 0.0382019
129851 0.0373938
129852 0.0371306
129853 0.0376118
129855 0.0374051
129857 0.0386785
129860 0.0381316
129861 0.0374655
129863 0.0377974
129864 0.0378267
129865 0.0385736
130199 0.0394533
130200 0.0386114
130203 0.039121
130204 0.0405261
130205 0.0382573
130206 0.0398697
130207 0.0390609
130209 0.0401756
130210 0.0387454
130245 0.0399888
130247 0.035581
130248 0.0402041
130249 0.0395028
130250 0.039073
130251 0.0390945
130252 0.0380675
130254 0.0379611
130255 0.0394705
130259 0.0383524
130264 0.039821
130265 0.0404944
130266 0.0398855
130268 0.0401811
130271 0.0395351
130272 0.038356
130275 0.0393102
130276 0.0386041
130278 0.0389703
130284 0.0404782
130286 0.0400146
130287 0.0407556
130289 0.0409863
130290 0.0402468
130293 0.0405455
130303 0.0391679
130306 0.0398175
130307 0.0389132
130308 0.0397891
130310 0.0395659
130312 0.0409676
130315 0.0405937
130316 0.0424617
130317 0.0394045
130318 0.0391489
130319 0.0392558
130320 0.0393857
130324 0.0394834
130328 0.0391559
130329 0.039158
130332 0.038788
130335 0.0394049
130338 0.040441
130339 0.0397422
130343 0.0397027
130346 0.039229
130347 0.0396629
130348 0.0387282
130350 0.0392841
130351 0.0385822
130352 0.0397558
130355 0.0393733
130357 0.0388424
130358 0.0393645
130359 0.0390354
130360 0.0396836
130364 0.0393406
130366 0.0387905
130367 0.0377706
130369 0.0389709
130372 0.0395975
130374 0.0400609
130375 0.0390274
130379 0.0394703
130384 0.0396942
130386 0.0403368
130387 0.0394907
130389 0.0394491
130391 0.0391346
130392 0.0394194
130394 0.0393223
130395 0.0387293
130398 0.0391996
130399 0.0388105
130400 0.0389888
130401 0.0398548
130402 0.0389272
130403 0.0391845
130404 0.0369642
130405 0.0392441
130406 0.0391914
130408 0.0392734
130409 0.0392159
130420 0.0368837
130421 0.0396688
130423 0.0396657
130424 0.038193
130425 0.036947
130426 0.0382989
130427 0.0369733
130429 0.0391398
130460 0.0374086
130461 0.0394158
130462 0.038062
130463 0.0394199
130464 0.0388857
130467 0.0382399
130469 0.0395745
130470 0.039034
130472 0.0405103
130473 0.0393747
130474 0.0383101
130475 0.040191
130476 0.0393849
130478 0.0404222
130482 0.0397393
130484 0.039367
130485 0.0397552
130486 0.0398251
130488 0.0406088
130489 0.0396026
130490 0.0392349
130491 0.0400548
130492 0.0401237
130494 0.040102
130495 0.0400512
130497 0.0401516
130500 0.0399147
130501 0.040102
130502 0.0402375
130503 0.0401775
130505 0.0401023
130506 0.0400925
130507 0.0398271
130508 0.0400563
130509 0.0400493
130511 0.0394998
130512 0.0400853
130514 0.0398345
130515 0.0394156
130517 0.0405863
130518 0.0398449
130521 0.0397286
130523 0.0399102
130525 0.0401626
130527 0.0388747
130529 0.0394855
130530 0.0395793
130531 0.039081
130533 0.0392924
130535 0.0388817
130536 0.0397849
130537 0.039503
130541 0.0391567
130542 0.039592
130543 0.0390268
130546 0.0398773
130547 0.0398387
130548 0.0389202
130554 0.040167
130556 0.0403803
130557 0.0395173
130559 0.040335
130561 0.0407167
130562 0.0398792
130564 0.0399016
130567 0.0399844
130569 0.039675
130572 0.0400922
130573 0.0410905
130586 0.0394603
130588 0.039419
130590 0.0404014
130591 0.0393747
130593 0.0388967
130595 0.0397044
130597 0.0396158
130600 0.0387455
130602 0.0390122
130604 0.0400974
130605 0.0391314
130606 0.0391739
130607 0.0393173
130609 0.0393803
130610 0.0396434
130611 0.039656
130614 0.0378251
130616 0.0372528
130626 0.0381652
130628 0.0389592
130629 0.0394332
130630 0.0372088
