121339 0.0328413
121340 0.03878
121343 0.0355919
121344 0.0359532
121346 0.0376382
121347 0.0352416
121348 0.0365138
121349 0.0367381
121361 0.0383494
121362 0.0358344
121365 0.0371687
121369 0.036567
121370 0.0373827
121373 0.0377102
121374 0.0374267
121375 0.0374213
121378 0.0383496
121379 0.0374901
121381 0.0375354
121382 0.0377086
121384 0.0381583
121385 0.0374113
121387 0.0372619
121390 0.0367393
121391 0.0382816
121394 0.0376542
121395 0.0376578
121396 0.0379781
121397 0.0380335
121398 0.0373111
121399 0.0377325
121400 0.0370522
121401 0.0385788
121402 0.0371079
121406 0.0370399
121407 0.0377234
121408 0.0376964
121409 0.0381853
121414 0.0390346
121416 0.0383695
121418 0.0375867
121419 0.0378895
121420 0.0378239
121421 0.0355893
121422 0.0373332
121424 0.0365821
121425 0.0378463
121426 0.0384086
121427 0.0366731
121428 0.0348942
121429 0.0379964
121430 0.0378316
121432 0.0370477
121433 0.0369558
121434 0.0366838
121435 0.0376205
121436 0.0388494
121437 0.0384424
121441 0.0370802
121442 0.0373013
121446 0.036204
121448 0.0374318
121449 0.0380684
121454 0.0372424
121456 0.0382821
121458 0.037691
121459 0.0367027
121474 0.0392565
121476 0.0382344
121477 0.0372532
121479 0.0385309
121480 0.0391435
121519 0.0389339
121523 0.0387324
121525 0.0371157
121526 0.0395093
121527 0.0388827
121528 0.0393281
121529 0.038223
121530 0.038246
121531 0.0399785
121534 0.03788
121535 0.039791
121536 0.0391629
121539 0.0399693
121540 0.038605
121542 0.0376921
121543 0.0401273
121544 0.0386366
121545 0.0395738
121547 0.0393803
121548 0.0387913
121549 0.0385435
121550 0.0374702
121551 0.0385122
121552 0.0394187
121553 0.0385511
121554 0.0392136
121555 0.0398949
121556 0.0383959
121557 0.0376194
121558 0.0386491
121559 0.0386996
121560 0.0375495
121561 0.0390343
121563 0.038997
121565 0.0388539
121567 0.0387124
121568 0.038251
121569 0.0391209
121574 0.0385453
121576 0.0376963
121579 0.0380251
121580 0.0381993
121581 0.0357547
121582 0.0355309
121585 0.0389716
121588 0.0362837
121590 0.0378291
121592 0.0354006
121593 0.0367788
121595 0.0375523
121608 0.0348605
121609 0.0370699
121623 0.0384918
121624 0.0368485
121626 0.0389586
121628 0.0391787
121631 0.0386589
121633 0.0388005
121636 0.0371436
121637 0.0383052
121638 0.0380524
121639 0.0370908
121640 0.0383123
121641 0.0378607
121649 0.037708
121650 0.0381695
121651 0.0377665
121652 0.0381307
121653 0.0391386
121656 0.0360682
121678 0.0390944
121681 0.0386113
121683 0.0380765
121684 0.0392009
121687 0.0385365
121688 0.0397205
121689 0.038629
121694 0.0380338
121698 0.0393979
121704 0.0394483
121705 0.0397977
121706 0.0403575
121707 0.0395901
121708 0.0398468
121710 0.0385023
121711 0.039009
121713 0.0401896
121714 0.0391944
121715 0.0400469
121716 0.039202
121718 0.0389796
121721 0.0392303
121722 0.0404927
121723 0.0391009
121724 0.0394723
121725 0.0397102
121727 0.0391687
121728 0.0392433
121729 0.0358856
121732 0.0381613
121734 0.0380009
121748 0.0399829
121750 0.0382377
121751 0.0370355
121752 0.0383113
121753 0.0372705
121754 0.0377905
121756 0.0386192
121758 0.038757
121760 0.0380038
121764 0.0379667
121765 0.0376223
121766 0.03881
121767 0.0377792
121768 0.0372625
121769 0.0388801
121771 0.0378513
121772 0.0383122
121774 0.0380442
121778 0.0382997
121779 0.0365223
121780 0.0382289
121781 0.0389504
121783 0.0391721
121784 0.0381003
121785 0.0377847
121787 0.0386633
121788 0.0385224
121789 0.037717
121790 0.0384377
121792 0.0381341
121794 0.0388625
121795 0.0388786
121799 0.0385392
121800 0.0387956
121801 0.0386885
121802 0.0382033
121803 0.0387589
121804 0.0384753
121808 0.0390143
121811 0.0386174
121812 0.0380984
121813 0.0393854
121814 0.0386729
121815 0.0393501
121816 0.0380217
121817 0.0383229
121819 0.0387618
121820 0.0393807
121822 0.0386146
121823 0.0384394
121824 0.0380136
121826 0.0383701
121827 0.0398523
121841 0.0394337
121842 0.0395965
121843 0.038941
121844 0.0398331
121846 0.0404253
121847 0.0393108
121868 0.0383942
121869 0.0384905
121870 0.0380334
121872 0.0393976
121873 0.038259
121874 0.0377653
121875 0.0390101
121876 0.0390571
121877 0.0366775
121884 0.0370157
121885 0.0370766
121887 0.037063
121889 0.0384993
121890 0.0376481
121892 0.0403769
121897 0.0385534
121898 0.0385765
121899 0.0373296
121901 0.036124
121902 0.0360538
121903 0.0382058
121904 0.0391756
121905 0.0361502
121906 0.0385834
121911 0.0357826
121912 0.0385324
121914 0.0376821
121915 0.0368413
121916 0.0392141
121917 0.0373151
121918 0.0381886
121920 0.0384359
121924 0.0382153
121925 0.0381368
121926 0.0386042
121927 0.0386819
121928 0.0384071
121929 0.0387032
121930 0.0381118
121932 0.035598
121933 0.0381019
121936 0.0376262
121939 0.0378389
121940 0.0378869
121943 0.0367594
121944 0.0377022
121946 0.0363601
121948 0.038006
121949 0.0378898
121950 0.0372132
121951 0.0372723
121952 0.0376308
121953 0.0372382
121954 0.0370676
121962 0.0378071
121963 0.0371715
121965 0.0378685
121966 0.0382536
121967 0.0359184
121968 0.0377677
121969 0.0373019
121970 0.0373462
121972 0.0378398
121973 0.0390963
121974 0.0378913
121975 0.0382793
121976 0.0378081
121985 0.0376257
121986 0.0382696
121987 0.037517
121989 0.037327
121992 0.0377784
121994 0.0373455
121995 0.0385487
121996 0.0379823
121997 0.0363226
121999 0.0376161
122001 0.0374688
122003 0.0373052
122006 0.0359466
122007 0.0379195
122064 0.0357037
122066 0.0361308
122069 0.0372127
122070 0.0370433
122071 0.0351238
122072 0.037096
122073 0.0385142
122074 0.0371454
122076 0.0387378
122077 0.0392489
122079 0.0362897
122080 0.0379181
122081 0.0358273
122083 0.0373784
122085 0.0355942
122089 0.0366792
122091 0.0362966
122092 0.035144
122093 0.0349048
122094 0.0340361
122097 0.0359834
122098 0.0363976
122099 0.0358423
122101 0.0360724
122102 0.0362806
122105 0.035029
122108 0.0369405
122109 0.0383657
122111 0.0380498
122112 0.0384175
122114 0.0377581
122116 0.0384215
122117 0.0384653
122118 0.0381701
122123 0.0384909
122124 0.037781
122125 0.0370987
122126 0.0376864
122127 0.0391285
122129 0.0376665
122132 0.0394634
122133 0.0384218
122134 0.0369126
122136 0.0381356
122137 0.0377264
122138 0.0383559
122139 0.0386822
122141 0.0381465
122142 0.0379535
122143 0.0385804
122146 0.0387801
122147 0.0388757
122148 0.0381214
122152 0.0396107
122153 0.0390632
122154 0.0392757
122156 0.0387345
122158 0.0387247
122159 0.0385832
122160 0.0368951
122164 0.0393645
122166 0.0373877
122167 0.037948
122168 0.0384595
122169 0.0386048
122170 0.0383093
122172 0.0386353
122173 0.0390355
122174 0.0381437
122176 0.0380399
122178 0.0382586
122245 0.0386321
122246 0.0371639
122247 0.0368092
122249 0.0385877
122251 0.0353568
122252 0.0374322
122253 0.0363525
122256 0.0382679
122263 0.0415574
122264 0.0354387
122268 0.0355838
122269 0.0375867
122272 0.0359108
122273 0.0350592
122274 0.0391565
122275 0.038579
122276 0.0375435
122277 0.037696
122278 0.0357252
122279 0.039179
122280 0.0388322
122281 0.0385951
122283 0.0387628
122285 0.0387403
122286 0.0383992
122287 0.0391231
122288 0.0377145
122289 0.0375562
122291 0.0394813
122292 0.038268
122293 0.0383057
122294 0.0375343
122296 0.0385285
122297 0.0376039
122298 0.0375961
122300 0.038229
122301 0.0387417
122305 0.0366315
122306 0.0367739
122307 0.0370821
122309 0.0371449
122310 0.0368299
122312 0.0372449
122313 0.037921
122314 0.0385758
122315 0.0374497
122317 0.0359034
122319 0.0372037
122321 0.0376794
122322 0.0375503
122323 0.0374875
122326 0.037656
122330 0.0383358
122331 0.0377864
122335 0.0918464
122336 0.0381923
122339 0.0387273
122341 0.0389691
122342 0.0395085
122344 0.0370865
122345 0.0395759
122347 0.0391755
122349 0.0377266
122350 0.0362334
122351 0.0387234
122352 0.0383074
122353 0.0368995
122354 0.0379052
122356 0.0379068
122357 0.0386273
122360 0.0378389
122363 0.0391906
122365 0.0388915
122366 0.038502
122369 0.0380781
122409 0.0405715
122410 0.0399013
122411 0.0382077
122412 0.0405493
122413 0.0395535
122414 0.0411083
122415 0.0404447
122416 0.0397408
122418 0.0387247
122420 0.0397875
122422 0.0389357
122423 0.0394157
122424 0.0372167
122425 0.0394769
122426 0.0378105
122427 0.039008
122428 0.0364164
122429 0.0338234
122430 0.0367992
122432 0.0362849
122433 0.0359521
122434 0.0373365
122437 0.0417344
122438 0.039768
122439 0.0399475
122440 0.0402783
122443 0.0402724
122445 0.0407199
122447 0.0411807
122448 0.0403085
122449 0.0397814
122450 0.0403002
122452 0.0399601
122453 0.0403141
122454 0.0400007
122455 0.0395591
122461 0.0404922
122462 0.0436965
122463 0.0413177
122464 0.0407237
122465 0.0402028
122466 0.0401267
122467 0.041317
122468 0.0407856
122469 0.0400725
122471 0.0405258
122472 0.0401783
122473 0.0403735
122480 0.039277
122484 0.040971
122485 0.040991
122486 0.0404769
122487 0.0403819
122488 0.0393466
122489 0.0385872
122492 0.0397364
122493 0.0391932
122496 0.0397065
122497 0.0400527
122498 0.0399894
122500 0.0399307
122501 0.0399889
122502 0.0393226
122503 0.0395023
122505 0.040686
122507 0.0400962
122508 0.0399821
122509 0.0392382
122510 0.0411642
122511 0.03932
122514 0.0400066
122519 0.0382335
122520 0.0390423
122521 0.041197
122524 0.040261
122525 0.0398543
122526 0.0396509
122527 0.0385435
122535 0.0415943
122536 0.0386216
122537 0.039897
122538 0.0408267
122539 0.0387525
122540 0.0378559
122541 0.0379892
122542 0.0401018
122545 0.0386904
122548 0.0394502
122549 0.0406203
122550 0.0404581
122551 0.0386228
122555 0.0384825
122556 0.038825
122557 0.0386611
122559 0.038455
122560 0.0402022
122561 0.0376097
122562 0.0379121
122563 0.0386695
122564 0.0403503
122568 0.0394053
122569 0.0370988
122570 0.0397622
122571 0.0394066
122572 0.0389134
122573 0.0390428
122574 0.0404456
122575 0.039896
122576 0.0386333
122577 0.0393452
122579 0.0386314
122585 0.0394922
122586 0.0386719
122587 0.0394275
122589 0.039568
122590 0.0402358
122593 0.0386881
122594 0.0371076
122596 0.03836
122599 0.0375106
122602 0.0389203
122603 0.0386115
122604 0.0384945
122605 0.0386613
122606 0.0382926
122608 0.0400206
122610 0.0402837
122613 0.0406006
122614 0.0393112
122615 0.0397546
122616 0.0406722
122618 0.0400849
122619 0.0406783
122620 0.0395489
122623 0.0414501
122625 0.0402983
122626 0.0396318
122628 0.0410636
122629 0.0394392
122630 0.0405042
122631 0.0385809
122632 0.0388456
122634 0.0375099
122640 0.0401229
122641 0.0404582
122642 0.0397066
122643 0.0398982
122646 0.0396851
122647 0.038093
122648 0.0407224
122649 0.0400079
122650 0.0400865
122652 0.0411676
122653 0.0400723
122654 0.039995
122657 0.0408676
122658 0.0384034
122661 0.039494
122665 0.039481
122667 0.0391267
122672 0.0395461
122673 0.0395737
122674 0.0402761
122675 0.0405765
122676 0.0405322
122677 0.0407037
122679 0.0378525
122681 0.0401716
122682 0.0394086
122683 0.0389874
122684 0.0397098
122685 0.0395905
122686 0.0402806
122687 0.040249
122689 0.0395675
122690 0.0395171
122691 0.0408478
122692 0.0394021
122693 0.0395865
122695 0.0394522
122696 0.0396874
122698 0.0403576
122699 0.0390185
122700 0.0401929
122701 0.0400728
122702 0.0381288
122703 0.0423094
122704 0.0399323
122705 0.040547
122708 0.0391739
122710 0.0386719
122711 0.0381417
122712 0.0407129
122713 0.0392898
122714 0.0399756
122721 0.0396656
122722 0.0402201
122726 0.0402888
122727 0.0407938
122728 0.038192
122729 0.0402874
122730 0.0392874
122731 0.0399429
122733 0.0412061
122734 0.0399629
122735 0.040652
122736 0.0398167
122737 0.0403256
122738 0.0399465
122739 0.0397939
122740 0.0403357
122741 0.0409364
122743 0.0399583
122744 0.0400499
122745 0.0396657
122746 0.0396044
122747 0.0398575
122749 0.040946
122751 0.0413195
122752 0.0393428
122753 0.0395449
122754 0.0399795
122755 0.0399833
122766 0.0414499
122767 0.0382727
122768 0.0374957
122769 0.0391785
122770 0.0393956
122772 0.0395332
122773 0.0382078
122776 0.0420439
122777 0.0381529
122778 0.0378699
122779 0.0378861
122780 0.0363878
122781 0.0410486
122783 0.0391282
122785 0.0396988
122786 0.0405999
122787 0.0392699
122789 0.0390061
122796 0.0389929
122797 0.0392625
122798 0.0390169
122799 0.037894
122800 0.0400463
122801 0.0386359
122802 0.0377616
122803 0.0394703
122804 0.0390293
122805 0.0393207
122808 0.0390822
122809 0.041109
122810 0.0393456
122812 0.0393681
122813 0.0406837
122815 0.0398902
122816 0.0400198
122819 0.0387578
122820 0.0390071
122821 0.0389842
122823 0.0396496
122824 0.0398396
122825 0.0399517
122826 0.0403667
122827 0.0395523
122829 0.03959
122830 0.0396766
122831 0.0400752
122832 0.0393973
122833 0.04142
122835 0.0400853
122838 0.0394006
122841 0.0400135
122842 0.0397851
122843 0.0394205
122844 0.0388807
122845 0.0395796
122846 0.0387518
122847 0.0398448
122852 0.0399041
122853 0.0388438
122855 0.0397709
122856 0.0398222
122858 0.0399704
122859 0.0391303
122860 0.0396997
122862 0.0396496
122863 0.0394666
122866 0.0403608
122867 0.0394335
122868 0.0395407
122869 0.0392833
122870 0.0394984
122871 0.0389131
122873 0.0387975
122874 0.0385815
122879 0.0386984
122880 0.0384453
122881 0.038559
122967 0.0387124
122986 0.039368
122987 0.0368799
122988 0.0379249
122990 0.0363261
122993 0.0394836
122995 0.0375454
122996 0.0395258
122998 0.0378978
122999 0.0393231
123001 0.0403926
123002 0.0386621
123003 0.0394685
123004 0.0392238
123011 0.0383647
123012 0.0383989
123013 0.0438453
123014 0.0379851
123016 0.038665
123018 0.0375601
123019 0.0385047
123020 0.0400541
123021 0.0399682
123022 0.0405307
123023 0.0398297
123024 0.0402051
123025 0.0410342
123026 0.0402691
123027 0.0396987
123028 0.0398361
123029 0.0407498
123034 0.0384827
123035 0.0402013
123036 0.0396501
123038 0.0418163
123039 0.0401497
123040 0.0396066
123041 0.0404482
123042 0.0406773
123043 0.0397742
123044 0.0395289
123048 0.0394892
123049 0.0393451
123050 0.0393731
123051 0.0394964
123052 0.0401138
123054 0.0395367
123055 0.039169
123056 0.0375948
123058 0.039787
123059 0.0399419
123060 0.0397468
123062 0.0398601
123063 0.0390778
123065 0.0402442
123066 0.0393718
123067 0.0388269
123068 0.0398631
123070 0.0397574
123074 0.0400193
123077 0.0370578
123078 0.0393281
123081 0.0404968
123083 0.0389873
123084 0.0376918
123085 0.0395866
123087 0.0391304
123088 0.0403558
123089 0.0392366
123090 0.0394324
123091 0.0401961
123093 0.039617
123097 0.0389214
123101 0.0397852
123164 0.0354331
123165 0.0387535
123166 0.0377424
123167 0.0354462
123168 0.0377838
123169 0.035292
123170 0.0354077
123172 0.0439816
123175 0.0394047
123176 0.0398127
123178 0.0391402
123193 0.0389228
123196 0.0407472
123197 0.0408432
123198 0.0413498
123200 0.0412224
123201 0.0414456
123202 0.0394671
123204 0.0409791
123205 0.0390818
123206 0.0396624
123207 0.0396853
123209 0.040683
123210 0.0393863
123211 0.0388119
123213 0.0396102
123215 0.0383232
123218 0.0394431
123219 0.0394347
123223 0.0401809
123224 0.0403801
123225 0.0390026
123226 0.0396628
123227 0.0400004
123229 0.0386003
123233 0.0408494
123237 0.0407673
123238 0.0398028
123240 0.0395435
123243 0.0386974
123245 0.0399623
123248 0.0407251
123250 0.0400336
123251 0.0409843
123252 0.0413122
123253 0.0401451
123256 0.0400001
123258 0.0397578
123259 0.0377375
123260 0.0390994
123261 0.0385492
123262 0.0384205
123264 0.0382767
123266 0.0374279
123267 0.0373296
123268 0.0392764
123269 0.0399582
123270 0.0388672
123272 0.040197
123274 0.0390969
123275 0.0399161
123277 0.0386882
123278 0.0401555
123279 0.0397914
123280 0.0385428
123281 0.0391475
123285 0.0406293
123290 0.0392177
123293 0.0398511
123294 0.0399711
123295 0.039491
123300 0.0414976
123301 0.0408048
123302 0.0423726
123303 0.0389794
123304 0.039051
123319 0.00550442
123369 0.0488769
123370 0.047825
123378 0.0480972
123380 0.048402
123382 0.0474975
123396 0.0491101
123397 0.0499344
123400 0.0504915
123401 0.0501758
123402 0.0495022
123403 0.0499948
123404 0.049678
123405 0.0493909
123409 0.0503583
123411 0.0500221
123413 0.0495685
123414 0.0497985
123415 0.0498783
123417 0.0496805
123418 0.0501146
123419 0.0498105
123420 0.0502242
123421 0.0492768
123423 0.0498839
123425 0.0494228
123426 0.0496016
123427 0.049859
123428 0.0495171
123429 0.0498876
123430 0.0501007
123432 0.0495464
123433 0.0496231
123434 0.0489476
123435 0.0517273
123436 0.0495976
123437 0.0496156
123439 0.0494493
123440 0.0501837
123441 0.0501761
123442 0.0490203
123445 0.0494304
123446 0.0494169
123447 0.0490431
123450 0.0501878
123452 0.0492887
123453 0.0492449
123455 0.0498492
123456 0.0497456
123457 0.0495653
123459 0.0494787
123461 0.0493974
123462 0.0491228
123463 0.0496779
123464 0.0497307
123465 0.0493745
123466 0.0496507
123468 0.0499998
123470 0.0493352
123471 0.049261
123472 0.0494561
123474 0.0502069
123476 0.0502491
123477 0.0495284
123478 0.0486776
123479 0.0494007
123480 0.04939
123481 0.0492343
123484 0.0493707
123488 0.0491203
123491 0.0490143
123492 0.0492929
123493 0.0487311
123495 0.0504801
123496 0.0492773
123497 0.0494202
123498 0.0499779
123499 0.0492595
123500 0.0492557
123504 0.0504092
123565 0.0474869
123566 0.0485531
123567 0.0461741
123568 0.0472753
123569 0.0485051
123570 0.0493531
123591 0.0919551
123592 0.09018
123596 0.0490146
123597 0.0485294
123598 0.0487388
123599 0.0487036
123600 0.0474101
123601 0.0495214
123602 0.049084
123603 0.049936
123604 0.0500276
123606 0.047976
123607 0.0500555
123608 0.049905
123610 0.0500586
123611 0.0495788
123612 0.0495731
123615 0.0490242
123616 0.0500996
123617 0.0497542
123618 0.0498015
123619 0.0493535
123620 0.0494423
123621 0.0496959
123623 0.0498127
123624 0.0492102
123631 0.0488771
123632 0.0500052
123633 0.0496207
123635 0.0500324
123636 0.0500132
123637 0.0485236
123638 0.0487094
123639 0.0492837
123640 0.0504719
123641 0.0503442
123643 0.0500071
123644 0.0495932
123645 0.050271
123646 0.0501207
123647 0.0498352
123648 0.0503
123650 0.0498861
123651 0.0504779
123652 0.0501213
123653 0.0502936
123654 0.0489875
123656 0.0499249
123658 0.0500582
123659 0.0504259
123665 0.0503729
123670 0.0503633
123672 0.0498824
123673 0.0497903
123674 0.0499717
123675 0.0502258
123678 0.05098
123679 0.0503482
123683 0.0499365
123685 0.0508584
123686 0.05038
123689 0.0493194
123691 0.0502081
123692 0.0500536
123693 0.0501297
123694 0.05084
123695 0.0501255
123697 0.0497768
123698 0.0500939
123699 0.0496067
123700 0.049862
123703 0.050553
123704 0.049275
123705 0.0512339
123706 0.0499102
123707 0.0500678
123709 0.0503355
123710 0.0497115
123714 0.0504666
123715 0.0493621
123716 0.0503803
123717 0.0506819
123718 0.0497247
123767 0.0501196
123768 0.0472251
123771 0.04991
123772 0.048709
123773 0.0477819
123774 0.0484736
123775 0.0469602
123781 0.0493059
123782 0.0478067
123783 0.046577
123784 0.0471552
123786 0.0482384
123787 0.0483032
123789 0.04936
123790 0.0496936
123792 0.0495588
123793 0.0468691
123794 0.0476641
123796 0.0475645
123800 0.0474171
123803 0.0463398
123809 0.0465865
123810 0.0478987
123811 0.0468977
123812 0.0463468
123813 0.0479425
123814 0.0478858
123815 0.046995
123816 0.0471754
123817 0.0477427
123818 0.0474006
123820 0.0474147
123821 0.0485991
123822 0.049173
123823 0.0496876
123826 0.0499662
123828 0.0496542
123829 0.0496531
123830 0.049183
123831 0.0497761
123832 0.0491236
123833 0.050003
123836 0.0499749
123837 0.0489933
123839 0.0496449
123840 0.0495701
123841 0.0498785
123842 0.0482514
123843 0.0490764
123844 0.0499615
123845 0.049468
123847 0.0492864
123849 0.049639
123850 0.0485061
123851 0.0494173
123852 0.0495603
123853 0.0492621
123858 0.0501532
123859 0.0494423
123860 0.0496717
123862 0.0491991
123863 0.0495821
123864 0.0489437
123865 0.0490129
123866 0.0500036
123867 0.0493934
123868 0.0493779
123869 0.0496926
123871 0.0493631
123872 0.049533
123873 0.0495653
123874 0.0489814
123875 0.0494649
123876 0.0489914
123879 0.0494056
123881 0.0490485
123882 0.0493836
123884 0.0479864
123885 0.0485086
123886 0.0490944
123887 0.0493835
123888 0.0491182
123890 0.0493577
123891 0.0494451
123893 0.049085
123907 0.0581913
123938 0.0469505
123939 0.0456858
123941 0.0468881
123944 0.0468046
123945 0.0482614
123951 0.0477753
123952 0.0480618
123953 0.0449322
123955 0.0486583
123956 0.0462312
123958 0.0475364
123959 0.0475653
123960 0.0468819
123961 0.0462976
123962 0.0482513
123963 0.0484132
123964 0.0487468
123965 0.0493885
123966 0.048683
123969 0.0493584
123970 0.0496741
123971 0.0492597
123972 0.0487476
123973 0.049014
123974 0.0750128
123976 0.0748427
123977 0.0753374
123979 0.0751032
123980 0.0765882
123981 0.0754385
123982 0.0765042
123984 0.0765339
123985 0.0768748
123986 0.0766781
123987 0.0763697
123991 0.0502521
123992 0.0499291
123993 0.0503802
123994 0.0505251
123995 0.0504803
123996 0.050218
123997 0.0503838
123998 0.0505081
124000 0.0498716
124001 0.0508755
124007 0.0496393
124008 0.0507944
124010 0.0494098
124011 0.049638
124012 0.0494122
124013 0.0490854
124014 0.0492272
124016 0.0484895
124017 0.0483988
124019 0.0486032
124020 0.0485911
124023 0.0485475
124024 0.048844
124025 0.0482203
124026 0.048703
124029 0.049173
124031 0.0490808
124032 0.0484645
124033 0.0490853
124034 0.0484706
124035 0.0486106
124037 0.0493559
124038 0.048356
124040 0.0492402
124041 0.0482572
124080 0.048989
124081 0.0479219
124084 0.0474957
124085 0.0486828
124086 0.0500399
124087 0.0487821
124089 0.0499128
124091 0.0495514
124092 0.0487899
124102 0.0497286
124103 0.0470996
124106 0.0472044
124107 0.0498713
124109 0.0483759
124110 0.0475921
124111 0.0479554
124112 0.0491274
124113 0.046058
124114 0.0465385
124115 0.0472892
124117 0.0443185
124121 0.0473133
124123 0.0479481
124125 0.0468683
124126 0.0467907
124127 0.0473013
124128 0.0471056
124129 0.0477397
124132 0.0460217
124134 0.0460196
124137 0.0480701
124138 0.0464419
124139 0.0458332
124140 0.0462889
124141 0.0454833
124142 0.0487526
124144 0.0495312
124146 0.0499601
124148 0.0490419
124149 0.0493909
124150 0.0497531
124152 0.0491006
124153 0.0493109
124154 0.0489224
124155 0.049465
124156 0.0489831
124159 0.0498616
124161 0.0490761
124162 0.0490198
124163 0.0491184
124165 0.0492615
124166 0.0485859
124167 0.0489004
124170 0.0493209
124171 0.0486165
124172 0.0488837
124173 0.0481233
124174 0.0489442
124175 0.0483863
124176 0.0488846
124177 0.0479731
124178 0.0485348
124179 0.0485661
124181 0.0494676
124185 0.049275
124186 0.0490341
124187 0.0490061
124188 0.0488054
124190 0.0488602
124192 0.0488549
124193 0.0487676
124194 0.0485998
124195 0.0493716
124196 0.0485012
124197 0.0483987
124200 0.0498667
124201 0.0502884
124202 0.0490698
124205 0.0487134
124208 0.0492119
124209 0.0493797
124210 0.0494631
124212 0.049532
124213 0.0493644
124214 0.0493221
124279 0.0512055
124281 0.0477295
124282 0.0509671
124289 0.0503267
124290 0.0515969
124291 0.0500625
124293 0.0508623
124294 0.0515961
124296 0.0500879
124299 0.0494913
124300 0.0485568
124301 0.0486707
124302 0.0490366
124309 0.0473155
124311 0.0488818
124312 0.0487912
124313 0.049592
124314 0.0471692
124315 0.047806
124318 0.0489087
124319 0.0479159
124321 0.0490136
124322 0.0496785
124323 0.0499426
124324 0.0496227
124326 0.0494469
124327 0.0505894
124328 0.0498794
124329 0.0499381
124330 0.0496136
124333 0.0501907
124334 0.0503318
124335 0.0500655
124336 0.0497874
124337 0.0494044
124338 0.0499147
124339 0.0502917
124341 0.0507423
124343 0.0506571
124344 0.0500942
124346 0.0498852
124347 0.049903
124348 0.0498356
124349 0.0504823
124350 0.0493639
124351 0.0496214
124352 0.0499568
124353 0.0497914
124354 0.049543
124356 0.0504655
124359 0.0501359
124360 0.0494492
124361 0.049985
124374 0.049626
124375 0.049874
124376 0.0497588
124377 0.0499637
124382 0.0503576
124383 0.0505933
124384 0.0511832
124385 0.050781
124389 0.0512073
124391 0.0509746
124392 0.0504209
124393 0.0512431
124394 0.0497799
124436 0.0486088
124437 0.0479531
124440 0.0476183
124444 0.0490508
124445 0.0479167
124448 0.0490307
124449 0.0483848
124450 0.0488496
124451 0.0482458
124452 0.0469549
124454 0.0456157
124456 0.0435711
124458 0.0448501
124462 0.0433977
124464 0.0441524
124465 0.0464718
124466 0.0457741
124467 0.0456332
124469 0.0448989
124472 0.0461619
124473 0.0461783
124474 0.0442642
124475 0.0446863
124477 0.0469266
124478 0.0456446
124479 0.0472314
124480 0.0480278
124481 0.0484027
124482 0.0482551
124484 0.0484135
124486 0.0480694
124490 0.0483811
124491 0.047494
124492 0.0480883
124493 0.0483281
124495 0.049074
124496 0.0486752
124497 0.0476733
124498 0.0479682
124499 0.0481316
124500 0.0479752
124502 0.0486093
124505 0.0480972
124506 0.0472185
124507 0.0482524
124508 0.048307
124509 0.0481472
124510 0.0461873
124513 0.047876
124515 0.0475206
124516 0.0483844
124517 0.0480054
124518 0.0477836
124519 0.0475447
124522 0.0948863
124523 0.0493661
124524 0.0498898
124525 0.0496925
124526 0.0492509
124527 0.049006
124530 0.0492047
124531 0.0495639
124532 0.0501026
124533 0.0503198
124534 0.0497888
124535 0.0486391
124536 0.049341
124537 0.0495873
124538 0.049477
124541 0.0495934
124542 0.0496323
124543 0.0493989
124545 0.0494094
124547 0.0491566
124548 0.0491727
124569 0.0372442
124572 0.0423315
124573 0.0341502
124574 0.0367441
124625 0.0499159
124626 0.0469811
124629 0.0503441
124630 0.0483286
124632 0.0491734
124633 0.0491076
124636 0.0499373
124639 0.0482873
124640 0.0492863
124641 0.0495844
124643 0.0486473
124644 0.0469884
124645 0.046215
124647 0.0476127
124648 0.0475976
124650 0.0484873
124651 0.0489221
124652 0.0470967
124655 0.0473879
124657 0.0481159
124658 0.0455471
124659 0.0492003
124660 0.0465285
124663 0.0466856
124665 0.0480979
124667 0.0473048
124668 0.0468548
124671 0.049357
124672 0.0488606
124673 0.0497345
124674 0.0496366
124675 0.0496458
124676 0.0495285
124677 0.0497257
124679 0.0498697
124680 0.0493745
124681 0.0502164
124684 0.0492971
124685 0.0494258
124687 0.0500286
124688 0.0494931
124690 0.0501957
124691 0.0497142
124699 0.049608
124701 0.0501124
124702 0.0499381
124704 0.0494773
124705 0.049309
124706 0.0492825
124707 0.0500471
124708 0.0494576
124709 0.0502372
124711 0.0504079
124712 0.0498286
124713 0.0505976
124714 0.0496102
124716 0.0495808
124718 0.0490608
124719 0.0497893
124720 0.0501063
124721 0.0492823
124722 0.049284
124725 0.0497902
124726 0.0491632
124727 0.0500607
124728 0.0502678
124729 0.0497112
124730 0.0501102
124731 0.0499395
124732 0.0492216
124733 0.0498763
124734 0.0497511
124735 0.0492714
124736 0.0498886
124747 0.0286683
124767 0.0367901
124779 0.0493995
124780 0.0501248
124785 0.0454403
124786 0.0460191
124796 0.0484055
124807 0.0467245
124808 0.0488379
124809 0.0488146
124810 0.0474468
124812 0.0473104
124814 0.0471706
124816 0.0490377
124820 0.0479384
124822 0.0496361
124823 0.0500374
124824 0.0503505
124828 0.0505405
124831 0.0491997
124836 0.0493073
124845 0.0500882
124849 0.0501754
124851 0.0489805
124852 0.0494146
124853 0.0485402
124855 0.0496222
124856 0.0488741
124860 0.0492648
124861 0.0492721
124862 0.0490182
124863 0.049233
124864 0.0495282
124865 0.0495246
124870 0.0493367
124871 0.0497813
124875 0.0492241
124877 0.0495594
124878 0.0490534
124879 0.0495377
124880 0.0497777
124881 0.050063
124882 0.0491822
124883 0.0492413
124884 0.0495883
124886 0.0490034
124887 0.0489299
124888 0.0492936
124889 0.0490302
124890 0.0485766
124892 0.0496316
124894 0.049168
124895 0.0484776
124896 0.0495818
124897 0.0489768
124898 0.0492397
124899 0.0491392
124901 0.0496117
124902 0.0498109
124903 0.0508713
124904 0.04909
124905 0.0494274
124906 0.0479077
124907 0.049824
124909 0.048978
124912 0.0502213
124913 0.0492473
124915 0.0493498
124917 0.0489341
124925 0.036171
124927 0.0356211
124930 0.03402
124932 0.0359689
124934 0.0373984
124935 0.0353248
124936 0.0375605
124954 0.0481065
124960 0.0480244
124961 0.0470678
124962 0.0479806
124963 0.048329
124966 0.0501572
124967 0.0454822
124968 0.0457598
124969 0.0473456
124970 0.0469842
124971 0.0468601
124972 0.0451752
124973 0.0485194
124974 0.0502509
124975 0.0488402
124979 0.0492264
124981 0.0491634
124982 0.0500396
124984 0.0492913
124986 0.0504131
124988 0.0506183
124989 0.0502284
124992 0.0515012
124993 0.0501422
124994 0.0502513
124995 0.0492532
124997 0.0524002
124999 0.0498894
125000 0.0494033
125001 0.0498875
125003 0.0503711
125004 0.0495798
125009 0.0508563
125012 0.0489434
125015 0.0487553
125017 0.0496177
125020 0.0495318
125021 0.0494061
125022 0.0498241
125023 0.049499
125025 0.0505376
125026 0.0500692
125028 0.0487683
125029 0.0500249
125030 0.0487858
125031 0.0495845
125032 0.0499114
125033 0.0499808
125034 0.0493491
125036 0.0498054
125038 0.0495087
125039 0.0501159
125040 0.0496546
125042 0.0492352
125043 0.0494715
125048 0.0492856
125049 0.0497479
125051 0.0494159
125054 0.0493698
125055 0.0496465
125056 0.0496005
125057 0.0477952
125058 0.0488313
125059 0.0498624
125061 0.0499693
125062 0.0500984
125064 0.0489857
125065 0.0494322
125067 0.0496259
125068 0.0485136
125070 0.0490715
125072 0.0507018
125075 0.0494826
125076 0.0498365
125077 0.0500169
125078 0.0494378
125079 0.0498836
125081 0.049121
125082 0.0474716
125086 0.049144
125094 0.0367156
125095 0.0397936
125097 0.0384092
125098 0.03594
125119 0.0507776
125120 0.0487441
125121 0.0495276
125122 0.0502298
125125 0.0507252
125126 0.0483632
125127 0.0493783
125148 0.0501274
125149 0.0499215
125151 0.0498468
125153 0.0496683
125154 0.0496582
125155 0.0495879
125158 0.047759
125159 0.0467851
125160 0.0469508
125163 0.0466673
125166 0.0458793
125168 0.0494216
125169 0.0476291
125170 0.0477804
125171 0.0452198
125175 0.0473828
125176 0.0466552
125177 0.0471672
125178 0.0453671
125179 0.0489549
125181 0.0494049
125183 0.0484947
125184 0.0485413
125187 0.0489925
125188 0.0491584
125189 0.0492832
125190 0.0488898
125191 0.0485968
125192 0.0489019
125193 0.049003
125194 0.0494719
125196 0.0493477
125197 0.0489541
125198 0.0490051
125199 0.0504036
125200 0.0486795
125201 0.0492484
125202 0.0485635
125205 0.049237
125206 0.0494119
125207 0.0491308
125209 0.0478592
125211 0.0493453
125212 0.048973
125213 0.0485899
125214 0.0487046
125215 0.0495293
125217 0.0484783
125222 0.0487192
125224 0.0494773
125225 0.0492443
125226 0.0490809
125227 0.048871
125228 0.0494206
125229 0.0493048
125231 0.0489308
125232 0.0497541
125233 0.0491098
125234 0.0488692
125236 0.0494628
125237 0.0489579
125238 0.0489188
125239 0.0482753
125243 0.0494399
125245 0.0485791
125246 0.0486317
125247 0.0486912
125249 0.0472325
125251 0.0495342
125254 0.0506092
125255 0.0485517
125256 0.0474082
125257 0.047819
125259 0.0490478
125260 0.0473413
125261 0.0495954
125262 0.0481093
125264 0.0495838
125285 0.0485818
125286 0.0488376
125287 0.0488407
125290 0.048329
125291 0.0495631
125293 0.0481492
125294 0.0488587
125295 0.049572
125297 0.0450856
125303 0.0493351
125305 0.0465856
125307 0.0489239
125308 0.0486836
125309 0.0494134
125310 0.0492595
125311 0.0485692
125312 0.049268
125315 0.0471173
125316 0.0496873
125317 0.0493801
125318 0.0490626
125320 0.0490322
125325 0.0496702
125326 0.0498707
125327 0.0492363
125329 0.0501604
125331 0.0493319
125335 0.0488669
125337 0.0498343
125338 0.0489933
125339 0.0499838
125340 0.0497131
125342 0.0491477
125343 0.0495327
125344 0.0490354
125345 0.0496936
125346 0.0492807
125347 0.0492793
125348 0.0484486
125351 0.0487534
125353 0.0495921
125354 0.0498372
125357 0.0484435
125358 0.0490639
125360 0.0498236
125361 0.049007
125362 0.0499573
125363 0.0484782
125364 0.0494299
125366 0.0495018
125367 0.0494159
125368 0.0488001
125369 0.0480741
125370 0.0487368
125371 0.0488786
125372 0.049097
125373 0.0484265
125375 0.0501559
125377 0.049132
125378 0.0498436
125380 0.0492593
125382 0.0490717
125384 0.0497029
125389 0.0499626
125390 0.0493124
125391 0.0497667
125392 0.0497619
125393 0.0489296
125395 0.0498286
125396 0.0490442
125397 0.0487005
125398 0.0497067
125399 0.0488192
125400 0.0494578
125403 0.0489715
125404 0.0491616
125405 0.0493832
125407 0.0499533
125408 0.0491249
125416 0.0484882
126252 0.0432365
126253 0.043834
126254 0.0452281
126255 0.0453802
126256 0.0462478
126257 0.0456746
126258 0.0443864
126259 0.0453418
126260 0.0447628
126263 0.0440829
126265 0.0455473
126266 0.0434516
126268 0.046297
126273 0.0474639
126276 0.0524581
126288 0.0478323
126290 0.0485828
126292 0.0481732
126293 0.04717
126294 0.0475434
126296 0.0479202
126298 0.047634
126299 0.0479068
126300 0.047705
126302 0.0475903
126304 0.0477348
126305 0.0470673
126308 0.0474909
126309 0.0475968
126310 0.0474163
126311 0.0475351
126314 0.0474426
126315 0.0476853
126316 0.0476753
126318 0.0468903
126322 0.0470384
126323 0.047226
126325 0.0491246
126326 0.0480782
126329 0.0480085
126341 0.0464123
126344 0.0475865
126345 0.0480103
126347 0.0476439
126349 0.0473806
126352 0.04713
126353 0.0472827
126354 0.04818
126355 0.0483548
126356 0.0481294
126359 0.0490371
126361 0.0496133
126362 0.047478
126364 0.0480999
126367 0.048551
126369 0.0483579
126370 0.0477735
126371 0.0473445
126372 0.0475897
126373 0.0481577
126374 0.0478523
126376 0.0478533
126429 0.0476817
126431 0.0478338
126432 0.0480586
126433 0.0482909
126434 0.046563
126435 0.0458864
126436 0.0463834
126449 0.0466827
126451 0.0476638
126453 0.0464648
126454 0.0460665
126460 0.0459926
126461 0.0494354
126462 0.048896
126464 0.0484788
126465 0.0493087
126467 0.0492231
126469 0.0480974
126471 0.0457657
126472 0.0470314
126473 0.0463797
126475 0.0471362
126476 0.0492974
126477 0.0470807
126478 0.0467311
126479 0.0462836
126480 0.0461186
126483 0.0446841
126485 0.0463084
126487 0.0469951
126488 0.045316
126490 0.045057
126492 0.0466761
126494 0.0452897
126496 0.0450754
126499 0.0441262
126503 0.0479915
126505 0.0497987
126506 0.0492265
126507 0.0476756
126508 0.0468706
126509 0.0473693
126510 0.0467737
126511 0.0457937
126512 0.0479531
126513 0.0467689
126514 0.0464372
126517 0.0482682
126520 0.0470761
126521 0.0477283
126522 0.0476792
126523 0.0479607
126527 0.047853
126528 0.0465312
126531 0.0479943
126532 0.0478941
126535 0.04786
126536 0.0481285
126538 0.0481713
126539 0.0479397
126540 0.0477269
126541 0.0469305
126542 0.047342
126543 0.0467748
126546 0.0477016
126552 0.0469466
126554 0.0484649
126555 0.0475177
126556 0.0476904
126557 0.0483716
126559 0.0480402
126562 0.0481043
126563 0.0473946
126564 0.047207
126566 0.0471168
126568 0.0470062
126569 0.047765
126572 0.0469233
126573 0.0478031
126575 0.0482548
126576 0.0475177
126577 0.0485454
126578 0.0479696
126579 0.0472729
126581 0.0484002
126618 0.0473252
126619 0.0502219
126621 0.0469396
126622 0.0478679
126624 0.0443677
126625 0.0516751
126641 0.0248579
126643 0.0505615
126644 0.0303209
126646 0.0575978
126647 0.0588652
126651 0.0486306
126652 0.0461971
126653 0.0464523
126656 0.0460591
126657 0.0454866
126658 0.0465775
126662 0.0461481
126664 0.0460381
126665 0.0453589
126666 0.0460096
126667 0.0471345
126668 0.0458276
126669 0.0453386
126670 0.0455228
126673 0.0461145
126676 0.0485984
126677 0.0468632
126679 0.0491292
126680 0.0481406
126682 0.0471418
126683 0.0484176
126684 0.0467365
126685 0.0484444
126688 0.0471101
126689 0.0469592
126690 0.0486852
126691 0.0476007
126692 0.0469069
126693 0.0478361
126695 0.0477691
126699 0.0477141
126701 0.0476364
126702 0.0480877
126703 0.0489296
126704 0.0481868
126706 0.0487219
126707 0.0479362
126709 0.0489037
126710 0.0487783
126711 0.0469506
126714 0.0484143
126716 0.0475361
126717 0.0473902
126718 0.0466713
126719 0.048495
126720 0.0470846
126721 0.0459899
126722 0.0484359
126723 0.0480975
126725 0.0490488
126728 0.0486589
126729 0.0478296
126731 0.0492181
126732 0.0482998
126733 0.0477155
126734 0.0473181
126735 0.0482857
126736 0.0479875
126737 0.0476691
126738 0.0476879
126740 0.0471098
126744 0.0485741
126745 0.0483588
126746 0.0477162
126747 0.0485931
126749 0.0479981
126776 0.0481226
126777 0.0487798
126778 0.0487644
126779 0.046718
126780 0.0454609
126782 0.048502
126783 0.0475317
126814 0.0489874
126815 0.0472633
126817 0.0471489
126821 0.0493673
126823 0.0492506
126824 0.0485037
126825 0.0481742
126831 0.0475786
126832 0.0477048
126833 0.0473442
126834 0.0454827
126835 0.0462406
126836 0.0452064
126837 0.0458965
126838 0.0436341
126839 0.0437143
126842 0.0446971
126845 0.0454701
126846 0.0442136
126847 0.0452154
126851 0.0464596
126853 0.0452556
126854 0.046151
126855 0.0472635
126856 0.0479085
126858 0.0486281
126859 0.0487168
126862 0.0487015
126866 0.0470071
126868 0.0461628
126869 0.0466823
126870 0.0466558
126871 0.0473971
126872 0.0473378
126874 0.0468125
126875 0.0467478
126877 0.0469853
126878 0.0464942
126879 0.0467096
126880 0.0471733
126881 0.0468677
126882 0.0462468
126883 0.04717
126890 0.0467348
126892 0.0470382
126893 0.046949
126894 0.0489976
126895 0.0477992
126906 0.0451505
126907 0.0452148
126909 0.0470912
126910 0.0468388
126911 0.0473897
126912 0.0463885
126913 0.0456151
126914 0.0468952
126915 0.0463709
126923 0.0465125
126925 0.0464473
126926 0.0467554
126929 0.0484109
126931 0.0463557
126932 0.0476403
126933 0.0469443
126934 0.0473809
126936 0.0471717
126956 0.0350866
126957 0.0365752
126958 0.0390476
126992 0.0447928
126994 0.0471341
126995 0.0475147
126996 0.0443112
126997 0.0488504
126998 0.0514773
126999 0.0477201
127000 0.0492242
127001 0.0514597
127002 0.0461102
127003 0.0481816
127004 0.051227
127006 0.0503596
127017 0.0478956
127022 0.0455462
127023 0.0464572
127024 0.0504103
127025 0.049134
127026 0.0500086
127028 0.0452366
127029 0.0291169
127031 0.0487634
127032 0.047988
127033 0.0490639
127034 0.0471418
127059 0.0457734
127061 0.046464
127062 0.0456718
127064 0.0473458
127065 0.0451242
127066 0.0465695
127067 0.0471346
127068 0.0483422
127070 0.0463828
127071 0.0467143
127072 0.0463922
127073 0.0470991
127074 0.047625
127097 0.0452694
127099 0.0454427
127107 0.0461771
127108 0.0458694
127110 0.0468456
127111 0.0462818
127112 0.0489645
127113 0.0474365
127114 0.0471252
127115 0.0450097
127116 0.0462627
127135 0.0448948
127136 0.0500664
127138 0.0437385
127139 0.0482166
127140 0.0464555
127141 0.0489121
127180 0.142781
127181 0.0513359
127182 0.0498514
127185 0.0537411
127186 0.0527865
127187 0.0493593
127188 0.0497536
127190 0.0515937
127191 0.048857
127193 0.0476105
127195 0.0485989
127196 0.0488489
127197 0.0506721
127198 0.0495635
127199 0.0492397
127206 0.0462649
127213 0.0477209
127214 0.0490438
127215 0.0490449
127217 0.0463333
127218 0.0494718
127219 0.0470643
127221 0.0464877
127222 0.0468674
127224 0.0447233
127228 0.0453294
127229 0.0472492
127231 0.0475455
127234 0.0464568
127235 0.0482183
127237 0.0462158
127238 0.0449259
127240 0.0470242
127241 0.0440176
127247 0.045555
127249 0.0473103
127250 0.0457785
127251 0.0488195
127254 0.0477675
127257 0.0480935
127261 0.0481177
127262 0.0487057
127263 0.047334
127264 0.048717
127266 0.0486974
127267 0.0497301
127268 0.0488872
127269 0.0491996
127270 0.0492909
127271 0.0490808
127272 0.0488555
127273 0.0484314
127278 0.047677
127279 0.048102
127280 0.0473644
127283 0.0478587
127285 0.0487172
127287 0.0470821
127289 0.0480136
127290 0.0472716
127291 0.0478426
127294 0.0471621
127295 0.0481309
127296 0.0466665
127297 0.0485596
127304 0.0482821
127306 0.0477303
127307 0.0478675
127308 0.0479949
127312 0.0472682
127314 0.0472766
127315 0.0476657
127317 0.0475051
127318 0.0464745
127319 0.0483835
127320 0.0472272
127321 0.0502187
127322 0.0479667
127325 0.0480933
127327 0.0483421
127328 0.0486609
127329 0.0474761
127330 0.0473273
127417 0.0455376
127418 0.0457796
127419 0.0471429
127420 0.0488043
127421 0.0458119
127422 0.046795
127423 0.0482599
127424 0.0495296
127425 0.0454422
127442 0.0474467
127443 0.0488713
127444 0.0463514
127459 0.0472713
127460 0.0482851
127461 0.0481832
127462 0.0473576
127465 0.0738095
127467 0.0731032
127472 0.0595698
127473 0.0578928
127477 0.0595132
127478 0.058728
127479 0.0583019
127481 0.0585539
127482 0.0578865
127483 0.0585631
127488 0.0564312
127489 0.0599351
127492 0.0586868
127493 0.0583807
127498 0.04699
127499 0.0480711
127501 0.0463603
127502 0.0472019
127503 0.0481984
127504 0.0464351
127506 0.0474337
127507 0.0470386
127508 0.0478179
127509 0.0480646
127510 0.0479145
127512 0.0467487
127513 0.0471695
127518 0.0474864
127521 0.0476991
127523 0.047099
127524 0.0473727
127525 0.0468014
127527 0.0477395
127531 0.0474216
127532 0.046662
127534 0.0476645
127535 0.047728
127536 0.0467821
127537 0.0472995
127538 0.0473135
127539 0.046978
127540 0.0472351
127542 0.0475245
127544 0.0471704
127545 0.0473367
127588 0.0479034
127589 0.0484702
127592 0.0481319
127594 0.0487647
127598 0.0465911
127600 0.0476362
127601 0.0478996
127602 0.0459735
127603 0.0470485
127606 0.0460283
127610 0.0492098
127611 0.0481938
127612 0.0485776
127613 0.0483203
127615 0.0474363
127619 0.0472143
127620 0.0488289
127621 0.0463974
127622 0.0462909
127623 0.0480758
127625 0.0449556
127626 0.0456291
127627 0.0473816
127630 0.0478595
127631 0.0477298
127635 0.04591
127637 0.0460101
127638 0.0474569
127641 0.0459767
127642 0.044716
127643 0.0446451
127644 0.0464365
127645 0.047346
127646 0.0466109
127647 0.0476025
127650 0.0484451
127651 0.0454286
127652 0.0462533
127654 0.046678
127657 0.0461903
127659 0.0475104
127661 0.0462258
127662 0.0471341
127663 0.0466656
127664 0.0470816
127667 0.0466867
127668 0.0466097
127670 0.0464667
127673 0.0468418
127677 0.0468873
127678 0.0464242
127680 0.0468513
127681 0.0469138
127682 0.0474821
127683 0.0474754
127684 0.0468039
127685 0.0474995
127690 0.0466471
127691 0.0454562
127692 0.0470762
127694 0.0457438
127695 0.0475862
127698 0.0469508
127700 0.0462251
127701 0.0457963
127702 0.046952
127703 0.0466303
127704 0.0463699
127710 0.046629
127711 0.0449767
127712 0.0450688
127721 0.0456467
127722 0.0458006
127723 0.043953
127725 0.0447409
127729 0.0649194
127731 0.0684508
127735 0.0668469
127737 0.0695314
127739 0.070942
127740 0.0645648
127761 0.0503381
127762 0.0472634
127764 0.0495432
127765 0.0471966
127766 0.0466899
127767 0.0484318
127768 0.0495897
127769 0.0470993
127770 0.0475203
127791 0.0459756
127793 0.0448657
127794 0.0475435
127795 0.0478758
127796 0.0473651
127797 0.0484599
127798 0.0486177
127799 0.0507053
127800 0.0477011
127802 0.0482455
127803 0.0450855
127804 0.0468115
127805 0.0482174
127806 0.0461397
127807 0.0481495
127809 0.0466527
127810 0.0482438
127813 0.0469873
127814 0.0461183
127815 0.0480009
127818 0.0471963
127819 0.0476729
127820 0.0483801
127822 0.0477682
127826 0.0452932
127828 0.0463832
127830 0.0477722
127831 0.047216
127832 0.0474516
127833 0.047034
127834 0.0461748
127835 0.046456
127837 0.0463899
127838 0.0455271
127839 0.0476793
127840 0.0458965
127841 0.0461251
127842 0.0461811
127843 0.0478505
127844 0.047877
127845 0.0466761
127846 0.0474568
127856 0.0473374
127858 0.0474048
127859 0.0484437
127861 0.0489323
127863 0.0490361
127864 0.0481751
127865 0.049068
127866 0.0481426
127867 0.0491886
127870 0.0486916
127874 0.047967
127877 0.0476982
127880 0.0477895
127884 0.0484237
127885 0.0477558
127886 0.0497232
127889 0.0472729
127891 0.0481372
127892 0.048022
127893 0.0503012
127894 0.049206
127895 0.0493854
127897 0.0488149
127902 0.066
127904 0.0658449
127905 0.0648024
127924 0.0493258
127925 0.0483156
127927 0.0488135
127928 0.0474417
127931 0.0490611
127932 0.0476675
127933 0.0463922
127951 0.0474678
127955 0.0437846
127958 0.0459281
127959 0.0490296
127961 0.0498321
127962 0.0495338
127963 0.048731
127967 0.0488128
127968 0.0479901
127969 0.0500823
127970 0.0496604
127971 0.0501529
127981 0.0490108
127984 0.0509531
127986 0.0492112
127989 0.0505455
127990 0.0490679
127991 0.049483
127992 0.0495762
127994 0.0508318
127995 0.0497611
127996 0.0497077
127997 0.0496913
127998 0.0484863
127999 0.0501233
128000 0.0499081
128001 0.0481634
128003 0.0495667
128004 0.0491036
128005 0.0489603
128006 0.0460386
128007 0.0492037
128008 0.0491097
128009 0.0494883
128010 0.0496225
128011 0.0512093
128012 0.0483439
128017 0.0484488
128019 0.0499153
128020 0.0496192
128021 0.0498971
128022 0.0545814
128024 0.0475196
128025 0.0479963
128029 0.0470128
128030 0.0502128
128031 0.0500321
128032 0.0480352
128035 0.0499204
128036 0.0487866
128040 0.0500257
128043 0.0483236
128044 0.0502111
128046 0.0488248
128050 0.051734
128052 0.0489797
128054 0.0493571
128055 0.0484504
128056 0.0484196
128063 0.0491265
128064 0.0490344
128065 0.0494362
128068 0.0650918
128069 0.0709705
128086 0.0491453
128101 0.0473282
128105 0.0471067
128106 0.0476047
128109 0.0428149
128111 0.048778
128115 0.0464644
128116 0.0482788
128117 0.0449233
128121 0.0483822
128122 0.0486745
128123 0.0472514
128124 0.0462403
128125 0.0475643
128128 0.0474282
128130 0.0450279
128131 0.0470985
128132 0.0490027
128133 0.0466844
128134 0.046085
128135 0.0451704
128137 0.0460233
128138 0.0447966
128141 0.0468057
128144 0.0443904
128145 0.0456287
128146 0.0462651
128147 0.0467007
128148 0.0469465
128149 0.044174
128150 0.0465425
128152 0.0478698
128153 0.0458637
128154 0.0456088
128155 0.0482166
128157 0.0478265
128158 0.0479302
128160 0.0470216
128163 0.0474579
128169 0.0467259
128170 0.0475109
128171 0.0478247
128172 0.0462769
128173 0.046845
128176 0.0478079
128177 0.0469337
128178 0.0475781
128179 0.0469585
128180 0.0470418
128181 0.0471488
128182 0.0457469
128185 0.0477228
128186 0.0484806
128187 0.0471878
128188 0.0464416
128189 0.0490605
128190 0.0473705
128194 0.0468245
128195 0.0453231
128197 0.0472991
128198 0.0465318
128199 0.0470755
128200 0.0472458
128201 0.0476019
128202 0.0473106
128204 0.0472866
128208 0.0461583
128210 0.0476753
128211 0.0479577
128212 0.0473116
128213 0.0474869
128214 0.0470588
128215 0.047834
128217 0.0474301
128220 0.0477549
128223 0.0472924
128238 0.0478781
128260 0.0450329
128263 0.0497533
128264 0.0417027
128265 0.0493958
128266 0.0524704
128268 0.0516017
128285 0.051037
128288 0.0508212
128289 0.0536404
128290 0.0513582
128291 0.0496758
128293 0.0520446
128294 0.0510768
128295 0.0518165
128297 0.0522054
128298 0.0509058
128303 0.0491851
128305 0.0494343
128306 0.0496226
128307 0.0480193
128309 0.0469438
128310 0.0483586
128312 0.0508699
128313 0.0495679
128314 0.0495538
128315 0.049777
128316 0.0496608
128326 0.0500366
128327 0.0489628
128341 0.0482399
128348 0.0479025
128350 0.0486567
128351 0.047914
128354 0.0489926
128356 0.0486063
128357 0.0482179
128360 0.0485975
128362 0.0473336
128363 0.048748
128364 0.0495832
128365 0.049208
128366 0.0485347
128369 0.0477437
128372 0.0475609
128373 0.0473439
128376 0.0496961
128377 0.0492927
128378 0.0484328
128379 0.0477111
128380 0.0484077
128382 0.0490734
128383 0.0489922
128387 0.0493557
128389 0.0486345
128391 0.0480273
128392 0.048573
128393 0.0491264
128394 0.0488533
128395 0.0488591
128396 0.0490958
128397 0.049253
128399 0.0483903
128400 0.0489457
128401 0.0486425
128760 0.047338
128766 0.0472064
128768 0.0463805
128770 0.0462568
128771 0.0474333
128775 0.0468776
128777 0.0468738
128780 0.0489788
128782 0.0492811
128787 0.0484387
128788 0.0482965
128789 0.048436
128790 0.0480428
128792 0.0474687
128793 0.047379
128797 0.0476337
128798 0.0493215
128800 0.0475775
128809 0.0479668
128812 0.0472312
128813 0.0479845
128815 0.0477629
128818 0.0479374
128820 0.0489297
128821 0.0484162
128824 0.0471663
128828 0.0469638
128831 0.0462763
128832 0.0469554
128833 0.047395
128834 0.046488
128837 0.0469611
128840 0.0470586
128841 0.0466897
128842 0.0473846
128846 0.0460192
128849 0.0445043
128852 0.047849
128856 0.0456852
128857 0.045393
128860 0.0456088
128863 0.0467334
128866 0.0458265
128868 0.0448486
128869 0.0467068
128870 0.0498372
128871 0.0471935
128872 0.0445717
128916 0.0491653
128917 0.0496502
128918 0.0479806
128919 0.0480461
128931 0.0459811
128932 0.0479075
128934 0.0472618
128938 0.0486042
128939 0.0489633
128941 0.0470736
128942 0.0476527
128944 0.0484785
128945 0.0471194
128949 0.0485691
128950 0.0477003
128951 0.0478174
128952 0.0479448
128953 0.0471029
128954 0.0482187
128955 0.0492627
128957 0.0487267
128958 0.0478196
128963 0.0481271
128964 0.0476197
128965 0.0482773
128966 0.0477581
128968 0.0483134
128971 0.0480042
128972 0.0476123
128973 0.0484547
128974 0.0490321
128975 0.0475091
128981 0.0479515
128985 0.0487237
128986 0.048608
128987 0.047719
128991 0.0471822
128992 0.0474994
128994 0.0483429
128998 0.0484253
129000 0.0507555
129002 0.0487749
129004 0.0492378
129006 0.0496999
129012 0.0495593
129015 0.0492736
129016 0.0490688
129018 0.0491375
129019 0.0481861
129020 0.0492231
129021 0.0496325
129023 0.0486386
129025 0.0484434
129026 0.0483519
129027 0.0497929
129028 0.0497425
129029 0.0492831
129030 0.0488264
129031 0.0495737
129032 0.0489646
129033 0.0479836
129034 0.048369
129037 0.0478339
129041 0.0474361
129042 0.0477608
129044 0.0476142
129047 0.0477478
129048 0.0478403
129050 0.0471764
129052 0.0452846
129053 0.0478017
129054 0.0484032
129055 0.0480812
129056 0.0473332
129058 0.0485336
129059 0.0480642
129062 0.0481915
129063 0.0448476
129065 0.0457373
129066 0.0470382
129068 0.0452749
129069 0.0444677
129070 0.0458015
129071 0.0457499
129072 0.0448605
129073 0.0456355
129080 0.0473431
129146 0.048499
129147 0.0486505
129148 0.0484314
129149 0.0487567
129150 0.0474929
129156 0.0499507
129157 0.0491084
129158 0.0489059
129159 0.0489585
129160 0.0478372
129162 0.0501068
129163 0.048537
129167 0.0492152
129168 0.0484452
129169 0.0485229
129170 0.048
129171 0.0485265
129172 0.0510848
129173 0.0493914
129174 0.0483745
129178 0.0494727
129179 0.0486412
129180 0.0478232
129181 0.0478086
129183 0.0486799
129185 0.0488497
129186 0.0484509
129189 0.0486491
129191 0.0475698
129192 0.0481517
129193 0.0480415
129194 0.0498506
129195 0.0480177
129196 0.0496581
129197 0.0499662
129200 0.0482519
129202 0.0476607
129203 0.0490437
129204 0.0487511
129205 0.0483525
129207 0.0500635
129208 0.0487999
129219 0.051528
129221 0.0439259
129519 0.046271
129521 0.0459663
129522 0.0430297
129524 0.0485047
129526 0.045501
129527 0.0487999
129529 0.0481901
129531 0.0459459
129535 0.0472124
129536 0.047671
129538 0.0476366
129539 0.0484558
129540 0.0482818
129541 0.0498597
129545 0.0477336
129549 0.0481891
129550 0.048007
129551 0.0487115
129552 0.0476336
129553 0.0467028
129564 0.0482792
129566 0.0486896
129567 0.0481011
129568 0.0483479
129572 0.048728
129573 0.0469175
129574 0.0492461
129575 0.0482646
129576 0.0481188
129579 0.0486389
129580 0.0477508
129582 0.0487837
129591 0.049552
129607 0.0483096
129611 0.0484702
129617 0.0492513
129618 0.0491485
129619 0.0484765
129620 0.0486576
129623 0.0492253
129626 0.0476009
129629 0.0482573
129630 0.0488584
129631 0.047936
129632 0.0489052
129633 0.0484072
129635 0.0489402
129637 0.0495566
129638 0.0499815
129641 0.0485043
129643 0.0488604
129644 0.0485884
129645 0.0483204
129646 0.0490091
129648 0.0491924
129649 0.0484841
129651 0.0483699
129652 0.0475917
129653 0.0479218
129655 0.0481386
129656 0.0486479
129659 0.0497043
129660 0.048171
129672 0.048451
129673 0.0463571
129674 0.0484032
129675 0.0452218
129676 0.0445769
129678 0.0459476
129680 0.0471005
129681 0.043503
129685 0.0480134
129687 0.0461858
129689 0.0462625
129691 0.0449956
129692 0.0471749
129693 0.0478846
129707 0.0477073
129708 0.0472212
129709 0.0478523
129710 0.0476287
129711 0.0447078
129712 0.0469219
129713 0.0481746
129714 0.0474278
129715 0.0465647
129716 0.0468972
129719 0.0460869
129723 0.048207
129724 0.0472505
129728 0.0474682
129730 0.0470368
129731 0.0485397
129732 0.0488092
129733 0.0495318
129734 0.0486661
129737 0.0485212
129738 0.0487691
129739 0.0491638
129740 0.0494925
129741 0.0475219
129742 0.0487132
129743 0.0489868
129752 0.0485962
129753 0.0502308
129754 0.0480883
129756 0.0594803
129757 0.0485802
129758 0.0495504
129760 0.0485918
129761 0.0486449
129762 0.048256
129763 0.0460995
129764 0.0489842
129768 0.0481293
129769 0.0484562
129771 0.0490574
129772 0.0487092
129773 0.0486613
129774 0.0483947
129775 0.0491555
129778 0.0483801
129780 0.048441
129781 0.0484349
129783 0.047821
129784 0.04813
129786 0.0481601
129787 0.0484177
129788 0.0492364
129789 0.0492685
129790 0.048263
129791 0.0482775
129792 0.0479676
129795 0.0480888
129796 0.0475436
129797 0.0479827
129798 0.0478263
129799 0.0484049
129800 0.0481721
129803 0.0478024
129804 0.0486894
129805 0.048628
129806 0.0485125
129808 0.0504268
129809 0.048646
129811 0.0492335
129812 0.0485675
129813 0.0500678
129814 0.04936
129817 0.0500277
129818 0.0489209
129819 0.0499474
129820 0.0490893
129824 0.0474274
129831 0.0486432
129833 0.0488317
129834 0.0485115
129835 0.0483577
129836 0.0483825
129837 0.0486212
129841 0.0481761
129844 0.0456637
129845 0.0458304
129847 0.0466549
129848 0.0467884
129849 0.0456261
129850 0.047085
129851 0.0456114
129852 0.0459412
129853 0.0464058
129855 0.0472011
129857 0.0475916
129860 0.0470515
129861 0.0460094
129863 0.0459327
129864 0.0462398
129865 0.0471527
130199 0.0474871
130200 0.0467985
130203 0.0476662
130204 0.049653
130205 0.0467451
130206 0.0479301
130207 0.0485537
130209 0.0490136
130210 0.0476994
130245 0.0491339
130247 0.0430095
130248 0.0485464
130249 0.0472833
130250 0.0476388
130251 0.0476972
130252 0.0463108
130254 0.0469998
130255 0.0479552
130259 0.0469451
130264 0.0490846
130265 0.0491633
130266 0.0491061
130268 0.0492656
130271 0.0477935
130272 0.0457687
130275 0.0479471
130276 0.0472578
130278 0.0470205
130284 0.049432
130286 0.0490768
130287 0.0496957
130289 0.050009
130290 0.0493682
130293 0.0495877
130303 0.0487448
130306 0.0486384
130307 0.0474899
130308 0.0488576
130310 0.0487927
130312 0.0500134
130315 0.0498691
130316 0.0516289
130317 0.0487334
130318 0.0479672
130319 0.0484089
130320 0.0483353
130324 0.0485184
130328 0.0484597
130329 0.0480126
130332 0.0480783
130335 0.0482842
130338 0.0492021
130339 0.0485971
130343 0.0478061
130346 0.0486422
130347 0.0487306
130348 0.0479394
130350 0.0482448
130351 0.0480045
130352 0.048652
130355 0.0482703
130357 0.0476075
130358 0.0481193
130359 0.0486327
130360 0.0489655
130364 0.0493735
130366 0.0474743
130367 0.0464017
130369 0.0481256
130372 0.0487423
130374 0.0495791
130375 0.0479373
130379 0.0484704
130384 0.0492737
130386 0.0497325
130387 0.0490658
130389 0.0487581
130391 0.0482893
130392 0.0485761
130394 0.0485123
130395 0.0478899
130398 0.0479216
130399 0.0478123
130400 0.0481407
130401 0.0487319
130402 0.0482688
130403 0.0484767
130404 0.045731
130405 0.048558
130406 0.0480233
130408 0.0484003
130409 0.0483768
130420 0.0456778
130421 0.0481313
130423 0.0482674
130424 0.0472911
130425 0.0459406
130426 0.0469598
130427 0.0459509
130429 0.0473869
130460 0.045814
130461 0.0483773
130462 0.0464402
130463 0.0478609
130464 0.0477802
130467 0.0465653
130469 0.0474937
130470 0.047716
130472 0.0495576
130473 0.0481463
130474 0.0470107
130475 0.0493982
130476 0.0486854
130478 0.0492935
130482 0.0487415
130484 0.048469
130485 0.0485051
130486 0.0484441
130488 0.0496729
130489 0.0486988
130490 0.0481285
130491 0.0487177
130492 0.0488317
130494 0.04916
130495 0.0490242
130497 0.048809
130500 0.0488099
130501 0.0492248
130502 0.0491439
130503 0.0491532
130505 0.0493867
130506 0.0489503
130507 0.0488299
130508 0.0491747
130509 0.0492986
130511 0.0483428
130512 0.0486318
130514 0.0486568
130515 0.0486906
130517 0.0493763
130518 0.0485634
130521 0.0486245
130523 0.0489333
130525 0.0490997
130527 0.0481174
130529 0.0484733
130530 0.0484505
130531 0.0478505
130533 0.0479387
130535 0.0483631
130536 0.0489405
130537 0.0486735
130541 0.0481418
130542 0.0483356
130543 0.0480847
130546 0.0487314
130547 0.0490876
130548 0.0482621
130554 0.0488892
130556 0.0490805
130557 0.0483273
130559 0.0497692
130561 0.0498298
130562 0.0484556
130564 0.0491683
130567 0.0484603
130569 0.0481479
130572 0.048682
130573 0.0482164
130586 0.0487654
130588 0.0486941
130590 0.0494169
130591 0.0492604
130593 0.0483317
130595 0.0483714
130597 0.0488693
130600 0.0482641
130602 0.047942
130604 0.0494472
130605 0.048175
130606 0.0484392
130607 0.04853
130609 0.048091
130610 0.0487918
130611 0.0488344
130614 0.0464394
130616 0.0455332
130626 0.0476206
130628 0.0478454
130629 0.0461591
130630 0.0461023
