121339 0.0094461
121340 0.0101073
121343 0.0098
121344 0.00989131
121346 0.0102949
121347 0.0104243
121348 0.0101789
121349 0.00998841
121361 0.00982506
121362 0.0101701
121365 0.00983037
121369 0.00997829
121370 0.0100933
121373 0.00999921
121374 0.010193
121375 0.00993681
121378 0.00989044
121379 0.0103151
121381 0.0102303
121382 0.00996504
121384 0.00989987
121385 0.00986511
121387 0.010196
121390 0.0097725
121391 0.0100351
121394 0.0100706
121395 0.00999086
121396 0.00995049
121397 0.0099431
121398 0.010118
121399 0.00991834
121400 0.0101687
121401 0.00988893
121402 0.0101662
121406 0.0101619
121407 0.0102632
121408 0.0101347
121409 0.0100699
121414 0.010243
121416 0.0103276
121418 0.00984624
121419 0.00995965
121420 0.00999516
121421 0.00997731
121422 0.00986021
121424 0.00987416
121425 0.00987796
121426 0.0101365
121427 0.00996059
121428 0.00984537
121429 0.0100692
121430 0.0100997
121432 0.00996233
121433 0.0101118
121434 0.0102479
121435 0.00995642
121436 0.0102015
121437 0.0100728
121441 0.0102707
121442 0.00989391
121446 0.0101807
121448 0.0100156
121449 0.0102335
121454 0.0101252
121456 0.0101346
121458 0.01012
121459 0.00985727
121474 0.0101392
121476 0.0102127
121477 0.0101679
121479 0.0104421
121480 0.0101503
121519 0.0101474
121523 0.0103536
121525 0.00983684
121526 0.0103198
121527 0.0101935
121528 0.0101195
121529 0.0100752
121530 0.0101924
121531 0.0102567
121534 0.0101052
121535 0.0103178
121536 0.0100592
121539 0.0103019
121540 0.0103864
121542 0.0101018
121543 0.0105215
121544 0.0102664
121545 0.0101828
121547 0.0102693
121548 0.0102685
121549 0.0101104
121550 0.0100709
121551 0.0102143
121552 0.0101737
121553 0.0103425
121554 0.0102704
121555 0.010087
121556 0.0101938
121557 0.0100363
121558 0.0100789
121559 0.010052
121560 0.0104123
121561 0.0102437
121563 0.0101536
121565 0.010303
121567 0.010102
121568 0.0100383
121569 0.0102993
121574 0.0102169
121576 0.00960533
121579 0.00959749
121580 0.00987034
121581 0.00952265
121582 0.00985963
121585 0.00968221
121588 0.0096901
121590 0.00961296
121592 0.00949255
121593 0.00956038
121595 0.00988077
121608 0.00957218
121609 0.0094945
121623 0.0095256
121624 0.00978405
121626 0.0103391
121628 0.01007
121631 0.0101431
121633 0.0100881
121636 0.0100445
121637 0.0101623
121638 0.0101082
121639 0.0101283
121640 0.0101479
121641 0.0101157
121649 0.0100288
121650 0.0101853
121651 0.0101266
121652 0.0102153
121653 0.0101193
121656 0.00999596
121678 0.010283
121681 0.0101212
121683 0.0100294
121684 0.0100843
121687 0.0100013
121688 0.0103221
121689 0.0099412
121694 0.00997604
121698 0.00997136
121704 0.0106703
121705 0.0103425
121706 0.0103384
121707 0.0100979
121708 0.0102843
121710 0.01027
121711 0.0101687
121713 0.0103935
121714 0.0100744
121715 0.0100338
121716 0.0101135
121718 0.0102832
121721 0.0101187
121722 0.0102759
121723 0.0101461
121724 0.0100283
121725 0.0102649
121727 0.0103321
121728 0.0100604
121729 0.00990852
121732 0.00966215
121734 0.00995277
121748 0.0103866
121750 0.00991795
121751 0.00992934
121752 0.0100685
121753 0.00986892
121754 0.00992412
121756 0.0100779
121758 0.0101208
121760 0.0100345
121764 0.0100596
121765 0.00999078
121766 0.00996439
121767 0.0101788
121768 0.0100672
121769 0.00963364
121771 0.00980813
121772 0.00978003
121774 0.00970159
121778 0.00980326
121779 0.0100386
121780 0.00982015
121781 0.00981314
121783 0.0102103
121784 0.0101466
121785 0.0100736
121787 0.010136
121788 0.0100553
121789 0.010179
121790 0.0101576
121792 0.00989935
121794 0.0101826
121795 0.0100578
121799 0.0100021
121800 0.0100614
121801 0.0101839
121802 0.0101438
121803 0.0100956
121804 0.0101833
121808 0.010078
121811 0.0103119
121812 0.00992744
121813 0.0101838
121814 0.0100761
121815 0.0104609
121816 0.0101416
121817 0.00999937
121819 0.0099861
121820 0.00994833
121822 0.0102194
121823 0.0100074
121824 0.0101954
121826 0.00995447
121827 0.0100632
121841 0.0103181
121842 0.0101503
121843 0.0103691
121844 0.0102642
121846 0.0100554
121847 0.0103258
121868 0.0102353
121869 0.00990901
121870 0.00998946
121872 0.010091
121873 0.00989076
121874 0.0101376
121875 0.0102371
121876 0.0101482
121877 0.00986486
121884 0.00977645
121885 0.00993473
121887 0.00974653
121889 0.00986727
121890 0.00994737
121892 0.00977736
121897 0.0102675
121898 0.0101764
121899 0.00960365
121901 0.00941003
121902 0.00979776
121903 0.0096286
121904 0.00992173
121905 0.00977177
121906 0.0097021
121911 0.00960449
121912 0.00970427
121914 0.0102423
121915 0.00987744
121916 0.0100987
121917 0.00991047
121918 0.0100206
121920 0.010024
121924 0.0102751
121925 0.0100476
121926 0.0102109
121927 0.0102805
121928 0.0100857
121929 0.0100116
121930 0.00993595
121932 0.00969023
121933 0.0100311
121936 0.0100944
121939 0.00978972
121940 0.0102093
121943 0.0102873
121944 0.0100323
121946 0.00995213
121948 0.0100383
121949 0.0100263
121950 0.00973953
121951 0.00992583
121952 0.00992546
121953 0.00987844
121954 0.00989452
121962 0.00999771
121963 0.00997198
121965 0.00991861
121966 0.00998169
121967 0.00998987
121968 0.0100982
121969 0.00991395
121970 0.00990657
121972 0.00981693
121973 0.0098492
121974 0.00995734
121975 0.00994991
121976 0.00987649
121985 0.0100253
121986 0.00993453
121987 0.00987955
121989 0.00976979
121992 0.0100373
121994 0.00972203
121995 0.0101231
121996 0.00996453
121997 0.00968271
121999 0.00982192
122001 0.00983225
122003 0.0098774
122006 0.00986427
122007 0.010246
122064 0.0095941
122066 0.00917356
122069 0.00982068
122070 0.00981323
122071 0.00957176
122072 0.00965303
122073 0.00997598
122074 0.0098339
122076 0.0100114
122077 0.0102776
122079 0.00962472
122080 0.00971277
122081 0.00945101
122083 0.00980846
122085 0.009686
122089 0.00951086
122091 0.00965509
122092 0.00955722
122093 0.00924629
122094 0.00946736
122097 0.0098023
122098 0.00972014
122099 0.00973994
122101 0.00955964
122102 0.00972711
122105 0.00960724
122108 0.0102912
122109 0.0100668
122111 0.00994734
122112 0.00988807
122114 0.00973188
122116 0.00992065
122117 0.0100349
122118 0.00992845
122123 0.00992499
122124 0.00982809
122125 0.00977855
122126 0.00985335
122127 0.00986679
122129 0.00995228
122132 0.00992078
122133 0.00980533
122134 0.00982918
122136 0.00990008
122137 0.00987463
122138 0.0100873
122139 0.00998638
122141 0.00984331
122142 0.00994023
122143 0.00997473
122146 0.00998203
122147 0.00998553
122148 0.010009
122152 0.0100125
122153 0.0100715
122154 0.0102837
122156 0.0099031
122158 0.0100084
122159 0.00995203
122160 0.00976898
122164 0.00993114
122166 0.00989103
122167 0.00985257
122168 0.01006
122169 0.0100274
122170 0.0100001
122172 0.009978
122173 0.00986973
122174 0.00997367
122176 0.00991879
122178 0.00998054
122245 0.00964077
122246 0.00979044
122247 0.00964967
122249 0.009628
122251 0.00967421
122252 0.00968245
122253 0.00957467
122256 0.00984023
122263 0.0102533
122264 0.00926847
122268 0.00955898
122269 0.00976996
122272 0.00997128
122273 0.00944548
122274 0.01005
122275 0.01007
122276 0.0100981
122277 0.0100757
122278 0.0100169
122279 0.0100522
122280 0.0100394
122281 0.00989243
122283 0.00993981
122285 0.00988197
122286 0.00992125
122287 0.0100886
122288 0.00994801
122289 0.0100287
122291 0.0102445
122292 0.00987553
122293 0.00982131
122294 0.0100801
122296 0.0100024
122297 0.0100744
122298 0.00999945
122300 0.00984921
122301 0.0100137
122305 0.0100673
122306 0.0099571
122307 0.0099132
122309 0.0100227
122310 0.0100166
122312 0.00992121
122313 0.0100206
122314 0.0101773
122315 0.0099607
122317 0.00990523
122319 0.00993693
122321 0.00997429
122322 0.00996492
122323 0.0098805
122326 0.0100392
122330 0.0100693
122331 0.00965339
122335 0.0153322
122336 0.0104189
122339 0.0102713
122341 0.0100392
122342 0.010209
122344 0.0107979
122345 0.00944636
122347 0.00995521
122349 0.0100782
122350 0.0100327
122351 0.0101869
122352 0.0104529
122353 0.0107772
122354 0.00990999
122356 0.0101163
122357 0.0101118
122360 0.0100472
122363 0.00990786
122365 0.00998504
122366 0.0101711
122369 0.0101136
122409 0.0104757
122410 0.0101504
122411 0.00974812
122412 0.00994348
122413 0.00992367
122414 0.0102079
122415 0.0104256
122416 0.0100305
122418 0.00976892
122420 0.00979592
122422 0.00990505
122423 0.00993715
122424 0.00982826
122425 0.00975967
122426 0.00994929
122427 0.00976821
122428 0.0099295
122429 0.00932354
122430 0.00972907
122432 0.00965491
122433 0.00979071
122434 0.00962004
122437 0.0104818
122438 0.0105509
122439 0.0103789
122440 0.0104727
122443 0.0103701
122445 0.0102874
122447 0.0103245
122448 0.0102888
122449 0.00990456
122450 0.0101248
122452 0.0102285
122453 0.0103172
122454 0.0102668
122455 0.0102384
122461 0.0101355
122462 0.0105464
122463 0.0104099
122464 0.0104086
122465 0.0102295
122466 0.0100466
122467 0.0102757
122468 0.0102861
122469 0.0101657
122471 0.0102
122472 0.0102878
122473 0.0101569
122480 0.0101501
122484 0.0102407
122485 0.0101774
122486 0.0102582
122487 0.010323
122488 0.0101814
122489 0.0102611
122492 0.0101734
122493 0.0101674
122496 0.0101891
122497 0.0102525
122498 0.0102702
122500 0.0102422
122501 0.0103657
122502 0.0101266
122503 0.0101978
122505 0.0101706
122507 0.0103237
122508 0.0102535
122509 0.0101885
122510 0.0103285
122511 0.0102089
122514 0.0101954
122519 0.00996043
122520 0.010094
122521 0.0103315
122524 0.0101271
122525 0.0101803
122526 0.0101562
122527 0.010053
122535 0.0102474
122536 0.00963466
122537 0.0100156
122538 0.0101661
122539 0.00965611
122540 0.00976046
122541 0.00971462
122542 0.0100515
122545 0.00975817
122548 0.00997015
122549 0.0100107
122550 0.00971276
122551 0.0100422
122555 0.00962505
122556 0.0100463
122557 0.0100039
122559 0.00959171
122560 0.0100451
122561 0.00974747
122562 0.00979189
122563 0.00977723
122564 0.0100823
122568 0.00984262
122569 0.00963513
122570 0.00973091
122571 0.00971997
122572 0.00974336
122573 0.00995811
122574 0.00959947
122575 0.00959008
122576 0.0101172
122577 0.0100031
122579 0.00996492
122585 0.0099596
122586 0.00993026
122587 0.00977191
122589 0.00952002
122590 0.00991829
122593 0.0100026
122594 0.00989269
122596 0.00998424
122599 0.00968047
122602 0.00970334
122603 0.00976065
122604 0.0097933
122605 0.00978793
122606 0.00932473
122608 0.0103472
122610 0.0103923
122613 0.0101977
122614 0.0102559
122615 0.0102513
122616 0.0103088
122618 0.0102846
122619 0.0101504
122620 0.0102897
122623 0.0100729
122625 0.0102407
122626 0.0102071
122628 0.0104354
122629 0.010131
122630 0.0101695
122631 0.0100881
122632 0.0101603
122634 0.0100525
122640 0.0100625
122641 0.0101372
122642 0.0101312
122643 0.0102966
122646 0.0102791
122647 0.0101741
122648 0.0101806
122649 0.0102056
122650 0.0102545
122652 0.0101722
122653 0.0103318
122654 0.01005
122657 0.0103689
122658 0.0102185
122661 0.0101548
122665 0.0101554
122667 0.0101265
122672 0.0103355
122673 0.0100938
122674 0.0101965
122675 0.0102335
122676 0.0102333
122677 0.0102646
122679 0.0101304
122681 0.0101477
122682 0.0100984
122683 0.0103531
122684 0.0102437
122685 0.0102121
122686 0.0101845
122687 0.0103407
122689 0.0102658
122690 0.0102335
122691 0.0101812
122692 0.0102784
122693 0.0101727
122695 0.0102715
122696 0.0101693
122698 0.0101144
122699 0.0101422
122700 0.0102811
122701 0.0101715
122702 0.0100283
122703 0.0102329
122704 0.0102365
122705 0.0102295
122708 0.010255
122710 0.0101676
122711 0.0102674
122712 0.0103729
122713 0.0100959
122714 0.010238
122721 0.00994263
122722 0.0101923
122726 0.0102698
122727 0.0103382
122728 0.0102954
122729 0.0102143
122730 0.0102035
122731 0.0102046
122733 0.0102745
122734 0.0103351
122735 0.0101749
122736 0.0102876
122737 0.0102074
122738 0.010167
122739 0.0102419
122740 0.0101781
122741 0.0101992
122743 0.0101606
122744 0.0101291
122745 0.0100964
122746 0.0102453
122747 0.0102183
122749 0.0102237
122751 0.0101898
122752 0.0102174
122753 0.0102512
122754 0.0102607
122755 0.010112
122766 0.0102168
122767 0.0098901
122768 0.0097881
122769 0.0100316
122770 0.00966588
122772 0.00969589
122773 0.00984137
122776 0.0103091
122777 0.00932234
122778 0.00988293
122779 0.00960348
122780 0.00998319
122781 0.0102113
122783 0.00967195
122785 0.0096665
122786 0.00984892
122787 0.0100559
122789 0.00983442
122796 0.00968159
122797 0.00964642
122798 0.00976861
122799 0.00970949
122800 0.0098477
122801 0.00989786
122802 0.00974415
122803 0.0097289
122804 0.00972779
122805 0.00989271
122808 0.00969823
122809 0.00999669
122810 0.00957552
122812 0.0101746
122813 0.0102575
122815 0.0101787
122816 0.0102242
122819 0.01002
122820 0.0100912
122821 0.00995329
122823 0.0101292
122824 0.0101556
122825 0.0101324
122826 0.0102701
122827 0.0101728
122829 0.0103031
122830 0.0101044
122831 0.0101518
122832 0.0103744
122833 0.0103669
122835 0.0100954
122838 0.0101291
122841 0.0101599
122842 0.0100589
122843 0.010043
122844 0.0101752
122845 0.010231
122846 0.0101287
122847 0.0102073
122852 0.0100924
122853 0.0101002
122855 0.010199
122856 0.0102648
122858 0.0100799
122859 0.0102653
122860 0.0101608
122862 0.0101279
122863 0.0101097
122866 0.0100479
122867 0.010163
122868 0.0102063
122869 0.0102098
122870 0.0100318
122871 0.0100617
122873 0.0100569
122874 0.0100937
122879 0.0101009
122880 0.0101087
122881 0.0100165
122967 0.00968823
122986 0.0103885
122987 0.0100472
122988 0.0100787
122990 0.0103198
122993 0.0099205
122995 0.00979703
122996 0.0102615
122998 0.00972861
122999 0.0100729
123001 0.00983478
123002 0.0100951
123003 0.00983834
123004 0.0101291
123011 0.00992929
123012 0.00984462
123013 0.0103858
123014 0.00999128
123016 0.0096515
123018 0.00960124
123019 0.00961045
123020 0.0102636
123021 0.00995787
123022 0.0102122
123023 0.0101637
123024 0.0101864
123025 0.0102967
123026 0.0103715
123027 0.0102171
123028 0.0101758
123029 0.0102367
123034 0.010033
123035 0.0104259
123036 0.0102744
123038 0.0102313
123039 0.0103419
123040 0.0100977
123041 0.0102768
123042 0.010162
123043 0.0100755
123044 0.00992142
123048 0.0101788
123049 0.0100719
123050 0.0101847
123051 0.0100374
123052 0.0101426
123054 0.0101038
123055 0.0101234
123056 0.0102863
123058 0.0101249
123059 0.0100918
123060 0.0101477
123062 0.010068
123063 0.0101809
123065 0.0100621
123066 0.0100845
123067 0.0101884
123068 0.0102096
123070 0.0101437
123074 0.0102184
123077 0.00992261
123078 0.00997372
123081 0.0101814
123083 0.010069
123084 0.0101759
123085 0.0102118
123087 0.00998276
123088 0.0101263
123089 0.0102353
123090 0.010087
123091 0.0101121
123093 0.0104511
123097 0.0102674
123101 0.0101457
123164 0.00954126
123165 0.0100154
123166 0.00992802
123167 0.00948968
123168 0.0102208
123169 0.00963026
123170 0.00972824
123172 0.0104048
123175 0.010349
123176 0.0104181
123178 0.0106175
123193 0.010363
123196 0.01063
123197 0.0107339
123198 0.0106515
123200 0.0104735
123201 0.0106178
123202 0.0104751
123204 0.0103277
123205 0.0101677
123206 0.0102828
123207 0.0101541
123209 0.0103381
123210 0.0103637
123211 0.0101226
123213 0.010282
123215 0.0101575
123218 0.0101442
123219 0.0102362
123223 0.0102167
123224 0.0102122
123225 0.0103304
123226 0.010003
123227 0.0102612
123229 0.010241
123233 0.0103442
123237 0.0104132
123238 0.0102323
123240 0.0102583
123243 0.0103106
123245 0.0102628
123248 0.0102508
123250 0.0101554
123251 0.0102768
123252 0.0102545
123253 0.0102674
123256 0.0102812
123258 0.0102229
123259 0.0101041
123260 0.0101218
123261 0.0102053
123262 0.0101695
123264 0.0100453
123266 0.00989319
123267 0.00993564
123268 0.0101105
123269 0.010196
123270 0.0101586
123272 0.0100598
123274 0.0103867
123275 0.0100841
123277 0.0102392
123278 0.0100475
123279 0.0102893
123280 0.0100048
123281 0.0100732
123285 0.0101316
123290 0.0100535
123293 0.0102349
123294 0.0100554
123295 0.0102015
123300 0.0103639
123301 0.010293
123302 0.0100268
123303 0.00991446
123304 0.0100696
123319 0.00550442
123369 0.0125123
123370 0.0124412
123378 0.0126137
123380 0.0123343
123382 0.0123959
123396 0.0132836
123397 0.0133243
123400 0.0131018
123401 0.0133302
123402 0.013333
123403 0.0133116
123404 0.0134068
123405 0.0134169
123409 0.0134865
123411 0.0132558
123413 0.0133266
123414 0.0134803
123415 0.0133796
123417 0.0133126
123418 0.0133222
123419 0.0133845
123420 0.0135384
123421 0.0133784
123423 0.0134381
123425 0.0133791
123426 0.0132215
123427 0.0134078
123428 0.0133816
123429 0.013401
123430 0.0134337
123432 0.0133798
123433 0.0133441
123434 0.013354
123435 0.0138324
123436 0.0134009
123437 0.0133033
123439 0.0133768
123440 0.0133991
123441 0.0133133
123442 0.0133522
123445 0.0133912
123446 0.0133393
123447 0.0134968
123450 0.0134203
123452 0.01341
123453 0.013382
123455 0.0133473
123456 0.0134798
123457 0.0134343
123459 0.0133742
123461 0.0133656
123462 0.0134203
123463 0.0133935
123464 0.0134076
123465 0.0134065
123466 0.0134151
123468 0.0133399
123470 0.0133577
123471 0.0133589
123472 0.0133923
123474 0.0133921
123476 0.0133653
123477 0.0134379
123478 0.0134124
123479 0.0134692
123480 0.0134371
123481 0.0134801
123484 0.0135002
123488 0.0133954
123491 0.0133878
123492 0.013415
123493 0.0133338
123495 0.0134751
123496 0.0134089
123497 0.0135074
123498 0.0134437
123499 0.0134153
123500 0.0134162
123504 0.0132067
123565 0.0125809
123566 0.0124457
123567 0.0124443
123568 0.0120531
123569 0.0124414
123570 0.0123252
123591 0.015685
123592 0.015516
123596 0.013336
123597 0.0125242
123598 0.0128322
123599 0.0129065
123600 0.0127941
123601 0.0130234
123602 0.0131475
123603 0.0131675
123604 0.0132981
123606 0.0127604
123607 0.0134364
123608 0.0134478
123610 0.0134775
123611 0.0133713
123612 0.0134702
123615 0.0134591
123616 0.013438
123617 0.0135256
123618 0.0133227
123619 0.013457
123620 0.0134511
123621 0.013433
123623 0.0133246
123624 0.0134826
123631 0.0133754
123632 0.0134117
123633 0.013562
123635 0.0134294
123636 0.0133325
123637 0.0133739
123638 0.0132671
123639 0.0133926
123640 0.0133789
123641 0.0133527
123643 0.013322
123644 0.0133857
123645 0.0134266
123646 0.0132804
123647 0.0134871
123648 0.0133955
123650 0.0133208
123651 0.0134739
123652 0.0134248
123653 0.0134568
123654 0.0133872
123656 0.0134426
123658 0.0134065
123659 0.0133749
123665 0.0133602
123670 0.0134756
123672 0.0134924
123673 0.0134606
123674 0.013487
123675 0.0133908
123678 0.0136908
123679 0.0134219
123683 0.013431
123685 0.0135072
123686 0.0133838
123689 0.0132544
123691 0.0134092
123692 0.0135022
123693 0.0135117
123694 0.0133821
123695 0.0134292
123697 0.0134345
123698 0.0135053
123699 0.0133568
123700 0.0133258
123703 0.0132932
123704 0.0133771
123705 0.0135306
123706 0.0133488
123707 0.0134041
123709 0.0133505
123710 0.0133356
123714 0.0131778
123715 0.0134228
123716 0.0133826
123717 0.0133565
123718 0.0134479
123767 0.012253
123768 0.0124933
123771 0.0125392
123772 0.0122117
123773 0.0123343
123774 0.0121844
123775 0.0123321
123781 0.0133359
123782 0.0123842
123783 0.0129891
123784 0.0127104
123786 0.0128611
123787 0.0128135
123789 0.0133312
123790 0.0133452
123792 0.0133114
123793 0.0122493
123794 0.012197
123796 0.0121701
123800 0.0121204
123803 0.012342
123809 0.012191
123810 0.0121959
123811 0.0122223
123812 0.012237
123813 0.0122135
123814 0.0126751
123815 0.0120976
123816 0.0122475
123817 0.0124595
123818 0.0123682
123820 0.012397
123821 0.0132543
123822 0.0132459
123823 0.0132721
123826 0.0131627
123828 0.0131919
123829 0.013326
123830 0.0132003
123831 0.0134271
123832 0.0132931
123833 0.0133812
123836 0.0132752
123837 0.013317
123839 0.0133739
123840 0.0133565
123841 0.0133541
123842 0.0133728
123843 0.0133164
123844 0.0133368
123845 0.0133909
123847 0.0133347
123849 0.0136659
123850 0.0132344
123851 0.0133758
123852 0.0133167
123853 0.0132852
123858 0.0134086
123859 0.0133161
123860 0.0133449
123862 0.0133702
123863 0.0133343
123864 0.0133001
123865 0.0132472
123866 0.0134689
123867 0.0133161
123868 0.0133955
123869 0.0134625
123871 0.01336
123872 0.0134558
123873 0.0133779
123874 0.0132159
123875 0.0131793
123876 0.0131893
123879 0.0134025
123881 0.0133027
123882 0.0134999
123884 0.0134293
123885 0.0132517
123886 0.0133617
123887 0.013382
123888 0.013367
123890 0.0131949
123891 0.0131835
123893 0.0132495
123907 0.00766231
123938 0.0123704
123939 0.0123488
123941 0.0121184
123944 0.0124964
123945 0.0123005
123951 0.0121498
123952 0.0121019
123953 0.0124384
123955 0.0121747
123956 0.0123268
123958 0.0123643
123959 0.0123851
123960 0.0123889
123961 0.0125232
123962 0.0122465
123963 0.0133124
123964 0.0133166
123965 0.0132955
123966 0.0131618
123969 0.0132722
123970 0.0131704
123971 0.0134521
123972 0.0133075
123973 0.0132962
123974 0.0157217
123976 0.0159785
123977 0.0158981
123979 0.0157676
123980 0.015862
123981 0.015765
123982 0.0159271
123984 0.0159687
123985 0.0159774
123986 0.01603
123987 0.0160047
123991 0.0133079
123992 0.0134108
123993 0.0134257
123994 0.0132181
123995 0.0133889
123996 0.0133265
123997 0.0133374
123998 0.0135569
124000 0.0133269
124001 0.013302
124007 0.0132908
124008 0.0134551
124010 0.0132644
124011 0.0133722
124012 0.0133776
124013 0.0133171
124014 0.0132788
124016 0.0133018
124017 0.0133078
124019 0.0134596
124020 0.0133298
124023 0.0133793
124024 0.0133962
124025 0.0133605
124026 0.0133403
124029 0.0133782
124031 0.0134458
124032 0.013454
124033 0.0133071
124034 0.013251
124035 0.0132618
124037 0.0133972
124038 0.0132535
124040 0.0133731
124041 0.0133025
124080 0.013201
124081 0.0125439
124084 0.012595
124085 0.0127476
124086 0.0129231
124087 0.0127683
124089 0.0133299
124091 0.0132877
124092 0.0130667
124102 0.0132844
124103 0.012593
124106 0.0125379
124107 0.0129454
124109 0.0130273
124110 0.0131367
124111 0.0131452
124112 0.0131463
124113 0.0119294
124114 0.0122219
124115 0.0123695
124117 0.0120601
124121 0.0123118
124123 0.0124283
124125 0.012398
124126 0.0122589
124127 0.0123949
124128 0.0123195
124129 0.0123206
124132 0.0121186
124134 0.0119747
124137 0.01227
124138 0.0124346
124139 0.0123092
124140 0.0124384
124141 0.0123608
124142 0.0133051
124144 0.0132598
124146 0.0132586
124148 0.0130936
124149 0.0132646
124150 0.0133474
124152 0.0133708
124153 0.0133121
124154 0.0133109
124155 0.0133871
124156 0.0131898
124159 0.0133457
124161 0.0133956
124162 0.0133335
124163 0.0134552
124165 0.0132913
124166 0.0133512
124167 0.0134852
124170 0.0134583
124171 0.0132924
124172 0.0133352
124173 0.0134048
124174 0.0132846
124175 0.0134054
124176 0.0134904
124177 0.0133845
124178 0.0134207
124179 0.0133992
124181 0.0133762
124185 0.0134683
124186 0.0133845
124187 0.0133614
124188 0.0135732
124190 0.0134291
124192 0.0133644
124193 0.0134281
124194 0.0134099
124195 0.0133936
124196 0.013353
124197 0.0134195
124200 0.0134279
124201 0.0134535
124202 0.0133101
124205 0.0133228
124208 0.0133224
124209 0.0135155
124210 0.013351
124212 0.0133493
124213 0.0133988
124214 0.0133421
124279 0.0131916
124281 0.0123222
124282 0.0129168
124289 0.0123649
124290 0.0131812
124291 0.0126731
124293 0.0132284
124294 0.0135548
124296 0.013263
124299 0.0122995
124300 0.0123864
124301 0.012249
124302 0.0124247
124309 0.0126079
124311 0.0123856
124312 0.012254
124313 0.0123013
124314 0.0122181
124315 0.0123162
124318 0.0121585
124319 0.0123688
124321 0.012174
124322 0.0124066
124323 0.0120837
124324 0.0126007
124326 0.0123464
124327 0.0133144
124328 0.0133714
124329 0.0133543
124330 0.0132369
124333 0.0135578
124334 0.0134231
124335 0.0132502
124336 0.0133261
124337 0.0133191
124338 0.0134062
124339 0.0133697
124341 0.0134149
124343 0.013368
124344 0.0133281
124346 0.013392
124347 0.0134336
124348 0.0133708
124349 0.0133924
124350 0.013284
124351 0.0133719
124352 0.0133496
124353 0.0133039
124354 0.0133298
124356 0.0135069
124359 0.0133521
124360 0.0133805
124361 0.0132273
124374 0.0132274
124375 0.0133593
124376 0.0133185
124377 0.0132969
124382 0.0132841
124383 0.0132873
124384 0.0133069
124385 0.0132868
124389 0.0132861
124391 0.0134079
124392 0.0133712
124393 0.0133498
124394 0.0133449
124436 0.0133172
124437 0.0134043
124440 0.0127712
124444 0.0125557
124445 0.0130934
124448 0.013008
124449 0.012941
124450 0.0132729
124451 0.0132957
124452 0.011562
124454 0.0108928
124456 0.0111609
124458 0.0109884
124462 0.0111128
124464 0.0108696
124465 0.0109358
124466 0.0110198
124467 0.0107642
124469 0.0107784
124472 0.0110339
124473 0.0110105
124474 0.0108018
124475 0.0108406
124477 0.0111992
124478 0.0110776
124479 0.0118808
124480 0.0119474
124481 0.013263
124482 0.0132274
124484 0.0133263
124486 0.0133498
124490 0.0132973
124491 0.013297
124492 0.013243
124493 0.0132829
124495 0.0132839
124496 0.013267
124497 0.0132833
124498 0.0131986
124499 0.0133051
124500 0.0133144
124502 0.013322
124505 0.0133311
124506 0.0131028
124507 0.0132617
124508 0.0133478
124509 0.0133339
124510 0.0132946
124513 0.013196
124515 0.0132188
124516 0.0131737
124517 0.0132053
124518 0.0132535
124519 0.013349
124522 0.0156428
124523 0.0131997
124524 0.0134177
124525 0.0131774
124526 0.0134291
124527 0.0132904
124530 0.013256
124531 0.0133281
124532 0.0133541
124533 0.0132898
124534 0.0132791
124535 0.0132701
124536 0.0132753
124537 0.0133551
124538 0.0133244
124541 0.0132915
124542 0.0133679
124543 0.0132941
124545 0.0133644
124547 0.0133832
124548 0.0134127
124569 0.00819351
124572 0.0088093
124573 0.0106985
124574 0.0100552
124625 0.0134291
124626 0.0124876
124629 0.0129242
124630 0.0130893
124632 0.0132939
124633 0.0129087
124636 0.0133336
124639 0.0134247
124640 0.0135858
124641 0.0133459
124643 0.0120679
124644 0.0122977
124645 0.0120735
124647 0.012241
124648 0.0123982
124650 0.0123323
124651 0.0121467
124652 0.0120359
124655 0.0122503
124657 0.0122236
124658 0.0126072
124659 0.012195
124660 0.0122849
124663 0.0122538
124665 0.0123072
124667 0.0121834
124668 0.0121388
124671 0.0132536
124672 0.0133513
124673 0.0133152
124674 0.0134111
124675 0.0133363
124676 0.0132892
124677 0.0133158
124679 0.0133755
124680 0.0133355
124681 0.0132433
124684 0.0133408
124685 0.0132768
124687 0.013213
124688 0.0133094
124690 0.0132866
124691 0.0133862
124699 0.0132906
124701 0.013308
124702 0.013453
124704 0.0132023
124705 0.0133568
124706 0.0132719
124707 0.0133154
124708 0.0134068
124709 0.0133389
124711 0.0133453
124712 0.0133359
124713 0.0133211
124714 0.013373
124716 0.0133645
124718 0.0133295
124719 0.0133583
124720 0.0132933
124721 0.0133162
124722 0.0132942
124725 0.0133083
124726 0.0133112
124727 0.0132761
124728 0.013318
124729 0.0133537
124730 0.0134407
124731 0.0134148
124732 0.0132166
124733 0.0133439
124734 0.0133093
124735 0.0133105
124736 0.0133173
124747 0.00853605
124767 0.00842301
124779 0.0134324
124780 0.0133662
124785 0.0123359
124786 0.0121854
124796 0.0132729
124807 0.0121037
124808 0.0125678
124809 0.0124212
124810 0.012484
124812 0.012067
124814 0.0123762
124816 0.0122947
124820 0.0123046
124822 0.0131622
124823 0.0132979
124824 0.0132339
124828 0.0133055
124831 0.013345
124836 0.0132533
124845 0.0133454
124849 0.0133561
124851 0.0133143
124852 0.0132319
124853 0.0133694
124855 0.0132516
124856 0.013364
124860 0.0133887
124861 0.0133498
124862 0.0133103
124863 0.0133972
124864 0.0134267
124865 0.0134132
124870 0.013367
124871 0.0133757
124875 0.0133804
124877 0.0134611
124878 0.0133191
124879 0.0134409
124880 0.0133806
124881 0.0133587
124882 0.0133047
124883 0.013325
124884 0.0133167
124886 0.0132815
124887 0.0132999
124888 0.0133573
124889 0.0133158
124890 0.013213
124892 0.0133713
124894 0.0133446
124895 0.0133762
124896 0.0132988
124897 0.013356
124898 0.0133968
124899 0.0134862
124901 0.0133324
124902 0.013437
124903 0.0132919
124904 0.0132212
124905 0.0133728
124906 0.013219
124907 0.0133627
124909 0.0133561
124912 0.0133849
124913 0.0133403
124915 0.0133409
124917 0.0133062
124925 0.00856646
124927 0.00867476
124930 0.00774055
124932 0.00850187
124934 0.0086056
124935 0.00911905
124936 0.00849246
124954 0.0122265
124960 0.0124516
124961 0.0124279
124962 0.0126123
124963 0.0124754
124966 0.0126571
124967 0.0121786
124968 0.0122375
124969 0.0122708
124970 0.0123693
124971 0.0123475
124972 0.0122585
124973 0.0122058
124974 0.0134999
124975 0.0133403
124979 0.0134203
124981 0.0134084
124982 0.0134305
124984 0.0134298
124986 0.0133746
124988 0.0134442
124989 0.0133293
124992 0.0133156
124993 0.0134264
124994 0.0134605
124995 0.0132154
124997 0.0132935
124999 0.0135884
125000 0.0134244
125001 0.0133603
125003 0.0134086
125004 0.0134865
125009 0.0132734
125012 0.0133196
125015 0.0133412
125017 0.013501
125020 0.0133911
125021 0.0134501
125022 0.0133999
125023 0.0133553
125025 0.0133272
125026 0.0132767
125028 0.0132647
125029 0.0134479
125030 0.0132556
125031 0.0133328
125032 0.0133069
125033 0.0133965
125034 0.0133726
125036 0.0132714
125038 0.0133625
125039 0.0133871
125040 0.0133719
125042 0.0132806
125043 0.0134615
125048 0.0133184
125049 0.0134416
125051 0.0135287
125054 0.0133927
125055 0.0132274
125056 0.0133456
125057 0.0131553
125058 0.0133613
125059 0.0133826
125061 0.0135008
125062 0.0134531
125064 0.0131731
125065 0.0133374
125067 0.0134145
125068 0.0134089
125070 0.013349
125072 0.013365
125075 0.0134111
125076 0.0133964
125077 0.0134308
125078 0.0133668
125079 0.0134115
125081 0.0133014
125082 0.0133417
125086 0.0134146
125094 0.00945712
125095 0.00891646
125097 0.00860416
125098 0.00865242
125119 0.0133008
125120 0.0126451
125121 0.0129122
125122 0.0126757
125125 0.0130959
125126 0.0132247
125127 0.012758
125148 0.013451
125149 0.0134624
125151 0.0133569
125153 0.0133476
125154 0.0132926
125155 0.0133991
125158 0.0121876
125159 0.0123214
125160 0.0121454
125163 0.0126744
125166 0.0122146
125168 0.0123891
125169 0.0124042
125170 0.0124122
125171 0.012117
125175 0.0123985
125176 0.012094
125177 0.0124155
125178 0.0123613
125179 0.0134286
125181 0.0133181
125183 0.0133999
125184 0.013535
125187 0.0134172
125188 0.0134002
125189 0.0133609
125190 0.013428
125191 0.0133805
125192 0.0133036
125193 0.013325
125194 0.0132214
125196 0.0133377
125197 0.0133832
125198 0.0133289
125199 0.0134763
125200 0.0134721
125201 0.0134494
125202 0.013516
125205 0.0134494
125206 0.0134767
125207 0.0134376
125209 0.0133178
125211 0.0133681
125212 0.0134261
125213 0.0133911
125214 0.0134893
125215 0.0133383
125217 0.0134423
125222 0.013393
125224 0.0133332
125225 0.0134535
125226 0.0134144
125227 0.0133787
125228 0.0134429
125229 0.0134061
125231 0.0133394
125232 0.0136121
125233 0.0133701
125234 0.0133595
125236 0.0134009
125237 0.0133378
125238 0.0133586
125239 0.0133382
125243 0.0133363
125245 0.0134304
125246 0.0134482
125247 0.0134355
125249 0.0131973
125251 0.0133673
125254 0.0134069
125255 0.0125789
125256 0.0131239
125257 0.0126888
125259 0.013104
125260 0.0129181
125261 0.0132041
125262 0.0134338
125264 0.0133242
125285 0.0131549
125286 0.012557
125287 0.0129928
125290 0.0123509
125291 0.0132138
125293 0.0126005
125294 0.0131399
125295 0.0132526
125297 0.012429
125303 0.0133323
125305 0.0125179
125307 0.0129735
125308 0.0126185
125309 0.013219
125310 0.0131064
125311 0.0131881
125312 0.0133401
125315 0.0121704
125316 0.0135094
125317 0.0133659
125318 0.0133104
125320 0.0132618
125325 0.0134936
125326 0.0132856
125327 0.0133537
125329 0.0133472
125331 0.0133903
125335 0.0133916
125337 0.0133278
125338 0.0134293
125339 0.0133704
125340 0.0133489
125342 0.013347
125343 0.0133135
125344 0.01343
125345 0.0134054
125346 0.0133855
125347 0.0134648
125348 0.0132882
125351 0.0132344
125353 0.0133571
125354 0.0133473
125357 0.0133767
125358 0.0133416
125360 0.0133509
125361 0.0134072
125362 0.0133239
125363 0.0133768
125364 0.013404
125366 0.0133468
125367 0.0133621
125368 0.0133635
125369 0.0133553
125370 0.0133165
125371 0.0132087
125372 0.0133224
125373 0.0133795
125375 0.0133522
125377 0.0133492
125378 0.013309
125380 0.0132679
125382 0.0133608
125384 0.0133303
125389 0.013408
125390 0.013323
125391 0.0133565
125392 0.0133652
125393 0.0135008
125395 0.0132943
125396 0.0133339
125397 0.0134114
125398 0.0133033
125399 0.0133049
125400 0.0133983
125403 0.0133544
125404 0.013366
125405 0.0134536
125407 0.0133741
125408 0.0134455
125416 0.013309
126252 0.0121852
126253 0.0127209
126254 0.012541
126255 0.0123402
126256 0.0127128
126257 0.0125993
126258 0.0122196
126259 0.0122488
126260 0.0123265
126263 0.0118776
126265 0.0125533
126266 0.0123118
126268 0.012519
126273 0.0122823
126276 0.0133574
126288 0.0133049
126290 0.0133394
126292 0.0132698
126293 0.013201
126294 0.0132885
126296 0.0134018
126298 0.0134139
126299 0.0132272
126300 0.013294
126302 0.0132998
126304 0.0134303
126305 0.0133181
126308 0.013284
126309 0.0133929
126310 0.0133377
126311 0.0134833
126314 0.0131429
126315 0.0135764
126316 0.0133272
126318 0.0133181
126322 0.0134368
126323 0.01332
126325 0.0133775
126326 0.013413
126329 0.0134146
126341 0.0136113
126344 0.0133306
126345 0.0133756
126347 0.0132852
126349 0.0133455
126352 0.0133769
126353 0.0132353
126354 0.0133807
126355 0.013458
126356 0.0132997
126359 0.0133496
126361 0.0132797
126362 0.0134931
126364 0.0133573
126367 0.0133876
126369 0.0134522
126370 0.013347
126371 0.0133232
126372 0.0134721
126373 0.0133971
126374 0.0134052
126376 0.013368
126429 0.0134068
126431 0.0133302
126432 0.0132958
126433 0.0133638
126434 0.0131131
126435 0.0124371
126436 0.0128333
126449 0.0130878
126451 0.0133455
126453 0.0129479
126454 0.0129569
126460 0.0121618
126461 0.0128164
126462 0.0132241
126464 0.0131596
126465 0.0134203
126467 0.0130611
126469 0.0132507
126471 0.0124493
126472 0.0123767
126473 0.01217
126475 0.0126659
126476 0.0127758
126477 0.0122467
126478 0.012264
126479 0.0123583
126480 0.012457
126483 0.0124598
126485 0.0123834
126487 0.0122939
126488 0.0122266
126490 0.0121876
126492 0.0121307
126494 0.0122913
126496 0.013518
126499 0.013452
126503 0.0135208
126505 0.0136235
126506 0.0135325
126507 0.0133672
126508 0.0133921
126509 0.0133926
126510 0.0131913
126511 0.0133947
126512 0.0135188
126513 0.0132673
126514 0.0133551
126517 0.0133615
126520 0.0134959
126521 0.0135191
126522 0.0132926
126523 0.0133537
126527 0.0132779
126528 0.0132694
126531 0.0136688
126532 0.0133527
126535 0.013598
126536 0.0134352
126538 0.0132932
126539 0.0132031
126540 0.0134452
126541 0.0132405
126542 0.0131127
126543 0.0134213
126546 0.0131321
126552 0.0133138
126554 0.0132493
126555 0.0132732
126556 0.013297
126557 0.0133086
126559 0.0132655
126562 0.0134428
126563 0.0132032
126564 0.0134086
126566 0.0133209
126568 0.0132499
126569 0.0133726
126572 0.0135215
126573 0.0133562
126575 0.0134552
126576 0.0132877
126577 0.0134789
126578 0.0133328
126579 0.0131041
126581 0.0133134
126618 0.0130369
126619 0.0126549
126621 0.0122621
126622 0.0127159
126624 0.0119636
126625 0.0121711
126641 0.0122883
126643 0.0125651
126644 0.00914344
126646 0.0136158
126647 0.0159212
126651 0.0121879
126652 0.0122908
126653 0.0124943
126656 0.012252
126657 0.0123043
126658 0.012467
126662 0.0123608
126664 0.0121677
126665 0.0123691
126666 0.0123887
126667 0.012464
126668 0.0121896
126669 0.0122851
126670 0.0122946
126673 0.0127681
126676 0.0136112
126677 0.013277
126679 0.0134453
126680 0.0132847
126682 0.0133245
126683 0.0132755
126684 0.0132677
126685 0.0133827
126688 0.0132286
126689 0.0134403
126690 0.0134354
126691 0.0132567
126692 0.0134261
126693 0.0134407
126695 0.0134379
126699 0.013349
126701 0.0132843
126702 0.0134458
126703 0.0135313
126704 0.0135677
126706 0.0132832
126707 0.013397
126709 0.013419
126710 0.0134651
126711 0.013226
126714 0.013417
126716 0.0133327
126717 0.0134327
126718 0.0133102
126719 0.0134096
126720 0.0132662
126721 0.0134604
126722 0.0133819
126723 0.0133355
126725 0.0133698
126728 0.0134103
126729 0.0133387
126731 0.0134223
126732 0.0133662
126733 0.0134382
126734 0.0134126
126735 0.0133839
126736 0.01346
126737 0.0134473
126738 0.0133903
126740 0.0134032
126744 0.013335
126745 0.0134709
126746 0.0133929
126747 0.0135444
126749 0.0132864
126776 0.0132145
126777 0.0133194
126778 0.0133297
126779 0.0132424
126780 0.0124243
126782 0.0130953
126783 0.0130757
126814 0.0130521
126815 0.0125655
126817 0.0125473
126821 0.0129458
126823 0.0131859
126824 0.0132501
126825 0.0133656
126831 0.0132531
126832 0.0120833
126833 0.0124762
126834 0.0120906
126835 0.0122328
126836 0.0122904
126837 0.0121594
126838 0.0120161
126839 0.0124777
126842 0.0123016
126845 0.012335
126846 0.0121542
126847 0.0123773
126851 0.0124988
126853 0.0122384
126854 0.0119212
126855 0.0124918
126856 0.0125126
126858 0.013233
126859 0.013365
126862 0.0133398
126866 0.0133388
126868 0.0132195
126869 0.0134
126870 0.0132252
126871 0.0133262
126872 0.0133429
126874 0.0134159
126875 0.0132849
126877 0.013204
126878 0.0132804
126879 0.0134376
126880 0.0133367
126881 0.0133466
126882 0.0132683
126883 0.0133021
126890 0.0132882
126892 0.0133508
126893 0.013271
126894 0.0133294
126895 0.0133185
126906 0.0133247
126907 0.0135096
126909 0.0132261
126910 0.0133022
126911 0.0132377
126912 0.0133437
126913 0.0132591
126914 0.0133916
126915 0.0134561
126923 0.0134856
126925 0.0135686
126926 0.0133303
126929 0.0134232
126931 0.0134133
126932 0.0132975
126933 0.0133216
126934 0.0134083
126936 0.0132632
126956 0.00875056
126957 0.00894603
126958 0.00883473
126992 0.0119965
126994 0.0124545
126995 0.013207
126996 0.0125678
126997 0.0129642
126998 0.0138814
126999 0.0126458
127000 0.0125717
127001 0.0130664
127002 0.0131987
127003 0.0128865
127004 0.0125966
127006 0.0131701
127017 0.0129932
127022 0.0131944
127023 0.0111946
127024 0.0128679
127025 0.0130087
127026 0.013348
127028 0.0124492
127029 0.0138835
127031 0.0126456
127032 0.0130271
127033 0.0127635
127034 0.0131379
127059 0.0123833
127061 0.0124732
127062 0.0122044
127064 0.012603
127065 0.0123844
127066 0.0123021
127067 0.0122553
127068 0.0125253
127070 0.0125361
127071 0.0123273
127072 0.0125138
127073 0.0125001
127074 0.0126045
127097 0.0121564
127099 0.0122882
127107 0.012252
127108 0.0124304
127110 0.0120281
127111 0.0123274
127112 0.012532
127113 0.0123927
127114 0.0124242
127115 0.0124851
127116 0.0124395
127135 0.0128435
127136 0.0123345
127138 0.011937
127139 0.0128848
127140 0.0131847
127141 0.0122648
127180 0.0205733
127181 0.019448
127182 0.0113295
127185 0.0133397
127186 0.0134346
127187 0.0126873
127188 0.0132659
127190 0.0132521
127191 0.0133751
127193 0.0129056
127195 0.0124844
127196 0.0134311
127197 0.013024
127198 0.0131877
127199 0.0126537
127206 0.0121486
127213 0.0124833
127214 0.012711
127215 0.0122498
127217 0.0124209
127218 0.0122503
127219 0.0120053
127221 0.0123638
127222 0.0122031
127224 0.0124628
127228 0.012333
127229 0.0123235
127231 0.0125083
127234 0.0121947
127235 0.0124336
127237 0.0125392
127238 0.0122202
127240 0.0123148
127241 0.0123781
127247 0.011832
127249 0.012364
127250 0.0121453
127251 0.0134648
127254 0.0134492
127257 0.0132813
127261 0.0132736
127262 0.0132693
127263 0.0131339
127264 0.0135797
127266 0.0134303
127267 0.0134978
127268 0.0135381
127269 0.0135734
127270 0.0134124
127271 0.013507
127272 0.0135029
127273 0.0133461
127278 0.0133759
127279 0.0132777
127280 0.0134436
127283 0.0132595
127285 0.0134536
127287 0.0133205
127289 0.0135194
127290 0.0132923
127291 0.0133819
127294 0.0134286
127295 0.0133744
127296 0.0132435
127297 0.0134639
127304 0.0133687
127306 0.0134533
127307 0.0133863
127308 0.0134129
127312 0.0133894
127314 0.013277
127315 0.0134508
127317 0.0133554
127318 0.013358
127319 0.0133272
127320 0.0133978
127321 0.013778
127322 0.0134675
127325 0.0133991
127327 0.0134671
127328 0.0133848
127329 0.0133809
127330 0.0135004
127417 0.0120788
127418 0.0131822
127419 0.0127263
127420 0.0122779
127421 0.0128104
127422 0.0125049
127423 0.0128777
127424 0.0129291
127425 0.0122046
127442 0.0125398
127443 0.0128701
127444 0.0125607
127459 0.0133243
127460 0.0133764
127461 0.0132672
127462 0.0132414
127465 0.0157229
127467 0.0158657
127472 0.0145542
127473 0.0147316
127477 0.014819
127478 0.0147462
127479 0.0146625
127481 0.0146883
127482 0.0147486
127483 0.014716
127488 0.0147543
127489 0.0145975
127492 0.0146511
127493 0.0146595
127498 0.0133239
127499 0.0133454
127501 0.0136521
127502 0.0131998
127503 0.0132101
127504 0.0133026
127506 0.013542
127507 0.0132785
127508 0.013387
127509 0.013384
127510 0.0132436
127512 0.0133662
127513 0.0133125
127518 0.0132356
127521 0.0133329
127523 0.0133739
127524 0.0133844
127525 0.0134161
127527 0.0132734
127531 0.0133504
127532 0.0133547
127534 0.0133281
127535 0.0135164
127536 0.0133001
127537 0.0132816
127538 0.0134211
127539 0.0131914
127540 0.0133787
127542 0.0133212
127544 0.0133021
127545 0.013312
127588 0.0130232
127589 0.0130955
127592 0.0131644
127594 0.0131489
127598 0.0121498
127600 0.0129357
127601 0.0127876
127602 0.0125079
127603 0.0122402
127606 0.01248
127610 0.0132086
127611 0.0131301
127612 0.013283
127613 0.0131117
127615 0.0133683
127619 0.0120737
127620 0.0122735
127621 0.0120754
127622 0.0120926
127623 0.0124816
127625 0.0121409
127626 0.0122117
127627 0.012301
127630 0.0122634
127631 0.0122473
127635 0.0123918
127637 0.0123001
127638 0.0125931
127641 0.0121475
127642 0.0122729
127643 0.0119275
127644 0.0121881
127645 0.0123268
127646 0.0123935
127647 0.011981
127650 0.0119902
127651 0.0124094
127652 0.0123524
127654 0.0123318
127657 0.012508
127659 0.0122135
127661 0.0122756
127662 0.0125076
127663 0.0123409
127664 0.0119934
127667 0.0124676
127668 0.0124281
127670 0.0125219
127673 0.012322
127677 0.0123436
127678 0.0121479
127680 0.0122628
127681 0.0124907
127682 0.0123718
127683 0.0123968
127684 0.012339
127685 0.0123898
127690 0.0123816
127691 0.012508
127692 0.0123141
127694 0.012232
127695 0.012567
127698 0.0124073
127700 0.0122842
127701 0.0121811
127702 0.0123254
127703 0.0121808
127704 0.0124495
127710 0.0123076
127711 0.0121827
127712 0.0125709
127721 0.0122148
127722 0.0121326
127723 0.0121709
127725 0.0123019
127729 0.0113078
127731 0.0128226
127735 0.0113829
127737 0.0118717
127739 0.0113005
127740 0.011433
127761 0.0124358
127762 0.0124988
127764 0.0129785
127765 0.0129172
127766 0.012836
127767 0.0127436
127768 0.0128187
127769 0.0127988
127770 0.0126073
127791 0.0129627
127793 0.0131591
127794 0.0130019
127795 0.0130597
127796 0.0127249
127797 0.0126357
127798 0.0127986
127799 0.013137
127800 0.0127209
127802 0.0130535
127803 0.0130087
127804 0.0128187
127805 0.012844
127806 0.0129256
127807 0.0131767
127809 0.0126656
127810 0.0130985
127813 0.0129248
127814 0.013181
127815 0.0128462
127818 0.0128916
127819 0.0129869
127820 0.0129106
127822 0.0127793
127826 0.0126233
127828 0.0128663
127830 0.0127538
127831 0.0126368
127832 0.0129831
127833 0.0129364
127834 0.0128806
127835 0.0128764
127837 0.0128441
127838 0.0131139
127839 0.0126732
127840 0.0126694
127841 0.0127797
127842 0.0128219
127843 0.0130623
127844 0.0131327
127845 0.01283
127846 0.0128541
127856 0.0129667
127858 0.0128927
127859 0.0129586
127861 0.0129558
127863 0.0130296
127864 0.0129637
127865 0.0128563
127866 0.012874
127867 0.0128864
127870 0.0128441
127874 0.0129464
127877 0.0128668
127880 0.0129152
127884 0.012958
127885 0.0128986
127886 0.0128954
127889 0.0130793
127891 0.0128761
127892 0.0130792
127893 0.0129564
127894 0.0131285
127895 0.0132003
127897 0.0128926
127902 0.01153
127904 0.0113007
127905 0.0123394
127924 0.0131123
127925 0.01329
127927 0.0129955
127928 0.0124892
127931 0.0127564
127932 0.0123626
127933 0.0129806
127951 0.0126238
127955 0.0124639
127958 0.0128662
127959 0.0127118
127961 0.0123974
127962 0.0133528
127963 0.013144
127967 0.0126404
127968 0.0130781
127969 0.0128423
127970 0.0130858
127971 0.0130008
127981 0.013028
127984 0.013034
127986 0.0130425
127989 0.0130802
127990 0.0129279
127991 0.0130963
127992 0.0130142
127994 0.0130735
127995 0.0129745
127996 0.013065
127997 0.013081
127998 0.0128917
127999 0.0130671
128000 0.0128364
128001 0.0130706
128003 0.0130696
128004 0.0128671
128005 0.0129151
128006 0.0127917
128007 0.0131114
128008 0.0129142
128009 0.0128842
128010 0.0129563
128011 0.0132341
128012 0.0130463
128017 0.0129831
128019 0.0130845
128020 0.0128272
128021 0.0130192
128022 0.0133428
128024 0.012782
128025 0.0127962
128029 0.0132174
128030 0.013155
128031 0.0131869
128032 0.0130969
128035 0.0130645
128036 0.012975
128040 0.013032
128043 0.0129966
128044 0.0129246
128046 0.0131801
128050 0.0125905
128052 0.0131713
128054 0.0129508
128055 0.012996
128056 0.0131542
128063 0.0130997
128064 0.0131149
128065 0.0129346
128068 0.0109262
128069 0.0113818
128086 0.0129665
128101 0.0124166
128105 0.0127662
128106 0.0130026
128109 0.0122318
128111 0.0128623
128115 0.0125165
128116 0.0122603
128117 0.0124006
128121 0.0124376
128122 0.012229
128123 0.0123625
128124 0.0125259
128125 0.0123726
128128 0.0117867
128130 0.0121867
128131 0.0121798
128132 0.0123789
128133 0.0123388
128134 0.0123232
128135 0.012298
128137 0.0124098
128138 0.0121587
128141 0.012298
128144 0.0119487
128145 0.0122043
128146 0.0123613
128147 0.0121433
128148 0.012099
128149 0.0125822
128150 0.0124986
128152 0.0124213
128153 0.0123666
128154 0.0122987
128155 0.0132136
128157 0.0128137
128158 0.0130443
128160 0.0128595
128163 0.0127013
128169 0.0128826
128170 0.0129475
128171 0.0127902
128172 0.0129463
128173 0.0124368
128176 0.0127923
128177 0.0129069
128178 0.0129414
128179 0.012851
128180 0.0127226
128181 0.0129277
128182 0.0129303
128185 0.0129128
128186 0.0128536
128187 0.0128027
128188 0.0128926
128189 0.0126396
128190 0.0129529
128194 0.0128935
128195 0.0128519
128197 0.0128299
128198 0.0130675
128199 0.0129037
128200 0.0128443
128201 0.0128479
128202 0.0128446
128204 0.0130262
128208 0.0129482
128210 0.0129203
128211 0.012864
128212 0.0127591
128213 0.0128505
128214 0.0130457
128215 0.012727
128217 0.0130312
128220 0.0128289
128223 0.0128378
128238 0.0129238
128260 0.013132
128263 0.0127186
128264 0.0128896
128265 0.012909
128266 0.013455
128268 0.0156735
128285 0.0133792
128288 0.0126748
128289 0.0129741
128290 0.0128876
128291 0.012826
128293 0.0126016
128294 0.013224
128295 0.0125109
128297 0.012566
128298 0.0127107
128303 0.0132232
128305 0.0135019
128306 0.0131854
128307 0.0126995
128309 0.0128113
128310 0.0132847
128312 0.0134921
128313 0.0131446
128314 0.0123936
128315 0.0133201
128316 0.0133413
128326 0.0136386
128327 0.0131566
128341 0.0128251
128348 0.0129719
128350 0.0129696
128351 0.0127298
128354 0.0130424
128356 0.0132428
128357 0.0129228
128360 0.0129477
128362 0.0130558
128363 0.0129222
128364 0.0130783
128365 0.0128343
128366 0.0128503
128369 0.0129687
128372 0.0130727
128373 0.0128869
128376 0.0129185
128377 0.0130093
128378 0.0128712
128379 0.0128818
128380 0.0128371
128382 0.0131838
128383 0.0128375
128387 0.0128051
128389 0.0129193
128391 0.0130103
128392 0.0128526
128393 0.0128149
128394 0.0129108
128395 0.012846
128396 0.012872
128397 0.0128516
128399 0.0129406
128400 0.0126949
128401 0.0127827
128760 0.0134108
128766 0.0131745
128768 0.013231
128770 0.0131426
128771 0.0131905
128775 0.0130694
128777 0.0134699
128780 0.0129663
128782 0.0134043
128787 0.0131076
128788 0.0133215
128789 0.0131431
128790 0.0135338
128792 0.0132257
128793 0.0133171
128797 0.0133382
128798 0.0133358
128800 0.0134351
128809 0.0132475
128812 0.0133814
128813 0.0130809
128815 0.0132434
128818 0.0135398
128820 0.0133112
128821 0.0135423
128824 0.0132266
128828 0.0131851
128831 0.0131783
128832 0.0132126
128833 0.0129396
128834 0.0133962
128837 0.0132501
128840 0.0133069
128841 0.0132894
128842 0.0132217
128846 0.0131504
128849 0.0123666
128852 0.0132769
128856 0.0125491
128857 0.0124176
128860 0.0124764
128863 0.0123069
128866 0.0124509
128868 0.0126212
128869 0.0122859
128870 0.0125552
128871 0.0125235
128872 0.0123831
128916 0.0133659
128917 0.0134859
128918 0.0134038
128919 0.0132869
128931 0.0132324
128932 0.0137497
128934 0.0132841
128938 0.0133351
128939 0.0134093
128941 0.01342
128942 0.0131776
128944 0.0132969
128945 0.0133809
128949 0.0133406
128950 0.0133645
128951 0.0134426
128952 0.0133028
128953 0.0133219
128954 0.0132309
128955 0.0134058
128957 0.0132976
128958 0.0132398
128963 0.0132935
128964 0.0132185
128965 0.0132472
128966 0.013285
128968 0.0132857
128971 0.0134392
128972 0.013269
128973 0.0133054
128974 0.0132643
128975 0.0133382
128981 0.0131927
128985 0.0132644
128986 0.0133589
128987 0.0133315
128991 0.01334
128992 0.0132888
128994 0.0133619
128998 0.0130814
129000 0.0136456
129002 0.0132539
129004 0.0132986
129006 0.0133086
129012 0.0132385
129015 0.0132511
129016 0.0132669
129018 0.0133077
129019 0.0132531
129020 0.0133259
129021 0.0133504
129023 0.0133077
129025 0.0132749
129026 0.0133157
129027 0.0133331
129028 0.013331
129029 0.0133365
129030 0.0133392
129031 0.0134075
129032 0.0134633
129033 0.0133563
129034 0.0132559
129037 0.0133315
129041 0.0134149
129042 0.0132443
129044 0.0134361
129047 0.0132428
129048 0.0133533
129050 0.0132836
129052 0.0133444
129053 0.0132947
129054 0.0135081
129055 0.0132745
129056 0.0132371
129058 0.013358
129059 0.0133985
129062 0.0133144
129063 0.0123773
129065 0.0122183
129066 0.012275
129068 0.0121623
129069 0.0126455
129070 0.0123667
129071 0.0123028
129072 0.0121197
129073 0.0122185
129080 0.012284
129146 0.0131078
129147 0.0131263
129148 0.0128343
129149 0.0132699
129150 0.0132721
129156 0.0132527
129157 0.0132666
129158 0.0131261
129159 0.013275
129160 0.0131892
129162 0.0132541
129163 0.0131765
129167 0.013206
129168 0.0132193
129169 0.0132764
129170 0.0132709
129171 0.0132776
129172 0.0134445
129173 0.0133406
129174 0.0133234
129178 0.0134625
129179 0.0132223
129180 0.0132116
129181 0.0133694
129183 0.0131865
129185 0.0133029
129186 0.0133386
129189 0.0133203
129191 0.0136124
129192 0.0132629
129193 0.0134902
129194 0.0133015
129195 0.0133337
129196 0.0132968
129197 0.0132377
129200 0.0132744
129202 0.0132224
129203 0.0132474
129204 0.0133076
129205 0.0132529
129207 0.0132376
129208 0.0133567
129219 0.0122827
129221 0.0124669
129519 0.012096
129521 0.0118584
129522 0.0136562
129524 0.0124682
129526 0.012223
129527 0.0119819
129529 0.0121912
129531 0.0125626
129535 0.0131336
129536 0.0132143
129538 0.0133998
129539 0.0132138
129540 0.0132722
129541 0.0132371
129545 0.0133335
129549 0.013438
129550 0.0135086
129551 0.0134646
129552 0.01321
129553 0.0135079
129564 0.0133117
129566 0.0133356
129567 0.0132272
129568 0.0132846
129572 0.0132191
129573 0.0131333
129574 0.0132573
129575 0.0131585
129576 0.0133533
129579 0.0134195
129580 0.0134561
129582 0.0132315
129591 0.0133197
129607 0.0131818
129611 0.0132093
129617 0.0131435
129618 0.0132368
129619 0.013291
129620 0.0130768
129623 0.0134416
129626 0.0131167
129629 0.0131994
129630 0.0131939
129631 0.0131282
129632 0.0133519
129633 0.01332
129635 0.0133726
129637 0.0132526
129638 0.0133038
129641 0.0133454
129643 0.0133704
129644 0.0132254
129645 0.0130341
129646 0.0133238
129648 0.0132646
129649 0.0132089
129651 0.0132811
129652 0.0130794
129653 0.0132884
129655 0.013303
129656 0.0132267
129659 0.013141
129660 0.0131791
129672 0.0123734
129673 0.0120844
129674 0.012137
129675 0.0113661
129676 0.0120108
129678 0.0116209
129680 0.0122369
129681 0.0118116
129685 0.0122089
129687 0.0122803
129689 0.0124455
129691 0.0122
129692 0.012677
129693 0.0126611
129707 0.0132154
129708 0.0124773
129709 0.0124652
129710 0.0122992
129711 0.0121956
129712 0.0120216
129713 0.0123064
129714 0.0121606
129715 0.0125484
129716 0.0120405
129719 0.0121643
129723 0.0119682
129724 0.0124448
129728 0.0122168
129730 0.0124132
129731 0.0131946
129732 0.0130954
129733 0.013149
129734 0.0133287
129737 0.0131426
129738 0.0131697
129739 0.013286
129740 0.013316
129741 0.0133329
129742 0.0133452
129743 0.0131068
129752 0.0132147
129753 0.0133349
129754 0.0133102
129756 0.015015
129757 0.0130569
129758 0.0133806
129760 0.0132476
129761 0.0132345
129762 0.0132224
129763 0.0131678
129764 0.0132421
129768 0.0132354
129769 0.0132227
129771 0.0132491
129772 0.0130496
129773 0.0132004
129774 0.0133186
129775 0.0133561
129778 0.0134111
129780 0.0131323
129781 0.0132501
129783 0.0132077
129784 0.0132984
129786 0.0133517
129787 0.0132001
129788 0.0133091
129789 0.0133061
129790 0.0132177
129791 0.0132376
129792 0.0131462
129795 0.013246
129796 0.0131644
129797 0.0132893
129798 0.0130895
129799 0.0131546
129800 0.013235
129803 0.0132172
129804 0.0132123
129805 0.0132246
129806 0.0132483
129808 0.0134294
129809 0.013132
129811 0.0135172
129812 0.0131391
129813 0.0132709
129814 0.0133055
129817 0.0134043
129818 0.0133076
129819 0.0132623
129820 0.0132416
129824 0.0131905
129831 0.0133325
129833 0.0132606
129834 0.0131179
129835 0.0130971
129836 0.0132764
129837 0.0133156
129841 0.0132894
129844 0.0124389
129845 0.0121296
129847 0.0124828
129848 0.0120897
129849 0.0121541
129850 0.0124699
129851 0.0118157
129852 0.0120745
129853 0.0124228
129855 0.0123749
129857 0.0122757
129860 0.0120971
129861 0.0123506
129863 0.0123585
129864 0.0123316
129865 0.0122965
130199 0.0123247
130200 0.0123182
130203 0.0123174
130204 0.0123725
130205 0.0125563
130206 0.0122901
130207 0.0124028
130209 0.0122357
130210 0.0122093
130245 0.0134105
130247 0.012594
130248 0.0123243
130249 0.012262
130250 0.0124058
130251 0.0122359
130252 0.0122672
130254 0.0123413
130255 0.0122254
130259 0.0122626
130264 0.0134224
130265 0.0132985
130266 0.0134049
130268 0.0131077
130271 0.0124338
130272 0.0122202
130275 0.0123511
130276 0.0122711
130278 0.0122808
130284 0.0133078
130286 0.0134435
130287 0.0133131
130289 0.0132834
130290 0.0132777
130293 0.013508
130303 0.0134025
130306 0.0132496
130307 0.0132855
130308 0.0135151
130310 0.0133131
130312 0.013458
130315 0.0132699
130316 0.01354
130317 0.0135082
130318 0.0132641
130319 0.0133978
130320 0.013177
130324 0.0134411
130328 0.0131565
130329 0.0132751
130332 0.0133976
130335 0.0133582
130338 0.0132623
130339 0.013171
130343 0.0134017
130346 0.0133546
130347 0.0133851
130348 0.0132166
130350 0.0132669
130351 0.0133757
130352 0.0132363
130355 0.013285
130357 0.0133447
130358 0.0133194
130359 0.0133347
130360 0.0133162
130364 0.0133997
130366 0.0134812
130367 0.0132162
130369 0.0132837
130372 0.0135303
130374 0.0134283
130375 0.0134773
130379 0.0132552
130384 0.0134102
130386 0.0133851
130387 0.0134923
130389 0.0132698
130391 0.0132268
130392 0.0133908
130394 0.0132627
130395 0.0133162
130398 0.013295
130399 0.0133412
130400 0.0132093
130401 0.0133567
130402 0.013283
130403 0.0134171
130404 0.0129149
130405 0.013365
130406 0.013353
130408 0.0132249
130409 0.0133411
130420 0.0123309
130421 0.0124738
130423 0.0123221
130424 0.0123893
130425 0.0122384
130426 0.0122544
130427 0.0123026
130429 0.0124861
130460 0.0121267
130461 0.0124065
130462 0.0122447
130463 0.0122053
130464 0.0123773
130467 0.0123382
130469 0.0122548
130470 0.0126032
130472 0.0133314
130473 0.0134518
130474 0.0131574
130475 0.0134118
130476 0.0133475
130478 0.0134125
130482 0.0131559
130484 0.0133225
130485 0.0133546
130486 0.0134339
130488 0.0134417
130489 0.0133371
130490 0.0133732
130491 0.0134086
130492 0.0132773
130494 0.0133734
130495 0.0132768
130497 0.0133523
130500 0.0133344
130501 0.0133777
130502 0.0133685
130503 0.0133625
130505 0.0132296
130506 0.0133125
130507 0.0134261
130508 0.0133803
130509 0.0132508
130511 0.0134292
130512 0.0132307
130514 0.0134003
130515 0.0133625
130517 0.0132948
130518 0.013203
130521 0.013345
130523 0.0131836
130525 0.0133209
130527 0.0134481
130529 0.0132884
130530 0.0132847
130531 0.013221
130533 0.0132786
130535 0.0132441
130536 0.0132779
130537 0.013297
130541 0.0133074
130542 0.0133321
130543 0.0133262
130546 0.013296
130547 0.0131468
130548 0.0132768
130554 0.0134167
130556 0.013223
130557 0.0133605
130559 0.013322
130561 0.0132553
130562 0.0134642
130564 0.0134639
130567 0.0133053
130569 0.0132684
130572 0.0132088
130573 0.0128868
130586 0.0133421
130588 0.0131927
130590 0.013261
130591 0.0134681
130593 0.0133707
130595 0.0132125
130597 0.0134192
130600 0.0133146
130602 0.0130992
130604 0.013374
130605 0.0132002
130606 0.0132692
130607 0.013296
130609 0.0132549
130610 0.0132892
130611 0.013223
130614 0.0122669
130616 0.0122776
130626 0.0127451
130628 0.0121632
130629 0.0122026
130630 0.0122187
