121339 0.0249143
121340 0.0257923
121343 0.0256836
121344 0.0254908
121346 0.0261118
121347 0.0262205
121348 0.0264663
121349 0.0258247
121361 0.0253859
121362 0.024837
121365 0.0254148
121369 0.0254394
121370 0.0258365
121373 0.0261189
121374 0.0261976
121375 0.0256845
121378 0.0254995
121379 0.0259754
121381 0.026145
121382 0.0255271
121384 0.0256068
121385 0.0256523
121387 0.0260499
121390 0.0253897
121391 0.0257727
121394 0.0257433
121395 0.0259124
121396 0.0253964
121397 0.0255832
121398 0.0259531
121399 0.0256737
121400 0.0263471
121401 0.0258619
121402 0.026005
121406 0.0260118
121407 0.0260523
121408 0.0257796
121409 0.0259624
121414 0.0261253
121416 0.0261956
121418 0.0260053
121419 0.0257894
121420 0.0255993
121421 0.0257951
121422 0.025697
121424 0.0253915
121425 0.025772
121426 0.0258488
121427 0.0255409
121428 0.0257102
121429 0.0258648
121430 0.0259635
121432 0.0250411
121433 0.0259084
121434 0.0259281
121435 0.0253074
121436 0.0260131
121437 0.0257973
121441 0.0260892
121442 0.0255737
121446 0.025995
121448 0.0256688
121449 0.025883
121454 0.0259761
121456 0.0258863
121458 0.0259185
121459 0.0255718
121474 0.025613
121476 0.0259556
121477 0.0257924
121479 0.0261163
121480 0.0258995
121519 0.0260078
121523 0.0263161
121525 0.0254421
121526 0.0259497
121527 0.0260474
121528 0.0258019
121529 0.0259892
121530 0.0258272
121531 0.0261988
121534 0.0256228
121535 0.0260888
121536 0.0254563
121539 0.0262278
121540 0.0262332
121542 0.0255423
121543 0.0263719
121544 0.0259542
121545 0.0261494
121547 0.0260792
121548 0.0260896
121549 0.0257785
121550 0.025724
121551 0.0261627
121552 0.0257356
121553 0.0261448
121554 0.0261769
121555 0.0257451
121556 0.025841
121557 0.0255663
121558 0.0259063
121559 0.0258061
121560 0.0265689
121561 0.026015
121563 0.0259873
121565 0.026043
121567 0.0261109
121568 0.0256783
121569 0.0262914
121574 0.026247
121576 0.0246908
121579 0.0247396
121580 0.0249577
121581 0.0248066
121582 0.0254407
121585 0.0251125
121588 0.0249608
121590 0.024467
121592 0.0248326
121593 0.0245415
121595 0.0253368
121608 0.0246326
121609 0.0247087
121623 0.0247723
121624 0.0250933
121626 0.0262826
121628 0.0258492
121631 0.0259034
121633 0.0259862
121636 0.0255911
121637 0.0257961
121638 0.0257508
121639 0.025575
121640 0.0259944
121641 0.0255192
121649 0.026042
121650 0.0257806
121651 0.0258645
121652 0.0260547
121653 0.0258468
121656 0.0261714
121678 0.0258845
121681 0.0259583
121683 0.0259005
121684 0.0258561
121687 0.0261512
121688 0.0261704
121689 0.0258184
121694 0.026007
121698 0.0257134
121704 0.0258561
121705 0.0258792
121706 0.0262013
121707 0.0258946
121708 0.0261227
121710 0.0262083
121711 0.0264547
121713 0.0263216
121714 0.0256564
121715 0.0260155
121716 0.0259575
121718 0.0262152
121721 0.025983
121722 0.026056
121723 0.0258247
121724 0.025687
121725 0.0260626
121727 0.0261904
121728 0.0258765
121729 0.0257997
121732 0.0257033
121734 0.0257869
121748 0.026524
121750 0.0256129
121751 0.0254493
121752 0.0258615
121753 0.0258836
121754 0.0258663
121756 0.0260981
121758 0.0258768
121760 0.0261262
121764 0.0258024
121765 0.0261224
121766 0.0258764
121767 0.0260697
121768 0.0258755
121769 0.0247649
121771 0.0252664
121772 0.0252608
121774 0.0245777
121778 0.0253619
121779 0.0251582
121780 0.0251344
121781 0.025304
121783 0.0259759
121784 0.0261226
121785 0.0257401
121787 0.0261249
121788 0.0257335
121789 0.0260187
121790 0.0257322
121792 0.0254791
121794 0.0261005
121795 0.0257931
121799 0.0257172
121800 0.0257841
121801 0.0257417
121802 0.0261115
121803 0.0259216
121804 0.0261603
121808 0.0258244
121811 0.0258881
121812 0.0255946
121813 0.0258341
121814 0.0259336
121815 0.0265156
121816 0.026082
121817 0.025881
121819 0.0260163
121820 0.0257228
121822 0.026086
121823 0.025678
121824 0.0259847
121826 0.0256529
121827 0.025807
121841 0.0259044
121842 0.0259616
121843 0.0260547
121844 0.0258766
121846 0.0259168
121847 0.0260045
121868 0.0260225
121869 0.0257594
121870 0.0255882
121872 0.0258466
121873 0.0258108
121874 0.0259104
121875 0.0261021
121876 0.0258983
121877 0.0258714
121884 0.0254717
121885 0.025749
121887 0.025089
121889 0.0252008
121890 0.0256346
121892 0.0251588
121897 0.0257729
121898 0.0256539
121899 0.0247883
121901 0.0245804
121902 0.0253271
121903 0.0250298
121904 0.0251477
121905 0.0248478
121906 0.0250083
121911 0.0248962
121912 0.0249094
121914 0.0264506
121915 0.0255021
121916 0.0259652
121917 0.0258209
121918 0.0261527
121920 0.0258968
121924 0.0264329
121925 0.0257664
121926 0.0261065
121927 0.0261584
121928 0.0258259
121929 0.0257427
121930 0.0258058
121932 0.0257544
121933 0.0258824
121936 0.0259389
121939 0.0257927
121940 0.0261382
121943 0.0262784
121944 0.0260199
121946 0.0254791
121948 0.0258472
121949 0.025951
121950 0.0255349
121951 0.0256957
121952 0.0257863
121953 0.0256956
121954 0.025758
121962 0.0260096
121963 0.0261011
121965 0.0256403
121966 0.0259674
121967 0.0257501
121968 0.0260232
121969 0.0255871
121970 0.0256789
121972 0.0257369
121973 0.025304
121974 0.0259455
121975 0.0257341
121976 0.0257762
121985 0.0258489
121986 0.0257688
121987 0.0258171
121989 0.0256212
121992 0.025797
121994 0.0259912
121995 0.0261697
121996 0.0258787
121997 0.0257353
121999 0.0255334
122001 0.0257798
122003 0.0257956
122006 0.0258025
122007 0.0263658
122064 0.0252929
122066 0.0242166
122069 0.0251133
122070 0.0255909
122071 0.0249554
122072 0.0250236
122073 0.0255719
122074 0.0257541
122076 0.025809
122077 0.0260366
122079 0.0256498
122080 0.0250335
122081 0.0248189
122083 0.0250073
122085 0.0249743
122089 0.0248278
122091 0.0248936
122092 0.025428
122093 0.0250088
122094 0.0254835
122097 0.0257952
122098 0.0255163
122099 0.0257101
122101 0.025419
122102 0.0256893
122105 0.025159
122108 0.0259815
122109 0.025842
122111 0.0256245
122112 0.0257668
122114 0.0251592
122116 0.0253363
122117 0.0257367
122118 0.0256327
122123 0.02545
122124 0.025569
122125 0.0253833
122126 0.0255604
122127 0.0253605
122129 0.0255964
122132 0.0254362
122133 0.0254413
122134 0.0255159
122136 0.0254408
122137 0.025613
122138 0.0257934
122139 0.0258236
122141 0.0254383
122142 0.0256766
122143 0.0255104
122146 0.0257435
122147 0.0256307
122148 0.0256006
122152 0.0257248
122153 0.0259114
122154 0.0263218
122156 0.025638
122158 0.025494
122159 0.0255786
122160 0.0253402
122164 0.0258263
122166 0.0254013
122167 0.0253305
122168 0.0259136
122169 0.0256115
122170 0.0256293
122172 0.0256052
122173 0.0255132
122174 0.0257473
122176 0.0256247
122178 0.0257017
122245 0.0251832
122246 0.0253684
122247 0.0250164
122249 0.0246608
122251 0.0248048
122252 0.0248053
122253 0.0249957
122256 0.0250383
122263 0.0260814
122264 0.0240179
122268 0.0247287
122269 0.0250413
122272 0.0251531
122273 0.0246518
122274 0.0256766
122275 0.0258066
122276 0.0260491
122277 0.025699
122278 0.0256504
122279 0.0258396
122280 0.0257126
122281 0.0255757
122283 0.0257723
122285 0.02572
122286 0.0257172
122287 0.0257821
122288 0.0257787
122289 0.0259461
122291 0.0260224
122292 0.0256879
122293 0.0256311
122294 0.025932
122296 0.0258211
122297 0.0258301
122298 0.0257041
122300 0.0256232
122301 0.0257507
122305 0.0262029
122306 0.0255279
122307 0.0257589
122309 0.0257852
122310 0.0259374
122312 0.0256145
122313 0.0257121
122314 0.0259675
122315 0.0257184
122317 0.0260056
122319 0.0257994
122321 0.0256071
122322 0.0256507
122323 0.0255387
122326 0.026014
122330 0.0257151
122331 0.0255075
122335 0.0318044
122336 0.0261081
122339 0.0261105
122341 0.0259247
122342 0.0259367
122344 0.0271661
122345 0.0248379
122347 0.0256072
122349 0.026059
122350 0.0260717
122351 0.0262852
122352 0.0258945
122353 0.0284087
122354 0.0255483
122356 0.025997
122357 0.0256441
122360 0.0260258
122363 0.0251501
122365 0.025821
122366 0.0257696
122369 0.0260257
122409 0.0257096
122410 0.0258256
122411 0.0248122
122412 0.0251241
122413 0.0252503
122414 0.0255426
122415 0.0262747
122416 0.0252996
122418 0.0247858
122420 0.0250795
122422 0.0253053
122423 0.0252374
122424 0.0249277
122425 0.0250959
122426 0.0252544
122427 0.0250527
122428 0.0252481
122429 0.0246185
122430 0.0250671
122432 0.0250019
122433 0.0253997
122434 0.0247006
122437 0.026544
122438 0.0267719
122439 0.0262932
122440 0.0264123
122443 0.0263048
122445 0.0260927
122447 0.025893
122448 0.025961
122449 0.0253969
122450 0.0257303
122452 0.0258953
122453 0.0260017
122454 0.0259467
122455 0.0259774
122461 0.0257201
122462 0.0261715
122463 0.0262707
122464 0.0261121
122465 0.0258413
122466 0.0257137
122467 0.0258359
122468 0.0260557
122469 0.0259114
122471 0.0259152
122472 0.0260374
122473 0.0257606
122480 0.0256335
122484 0.0258901
122485 0.025422
122486 0.0259158
122487 0.0261209
122488 0.0258241
122489 0.0259949
122492 0.025827
122493 0.0257332
122496 0.025893
122497 0.0260579
122498 0.0258808
122500 0.0258922
122501 0.0262067
122502 0.0257253
122503 0.0259336
122505 0.0260335
122507 0.0260401
122508 0.0258165
122509 0.0259538
122510 0.0260349
122511 0.0259301
122514 0.025822
122519 0.0261283
122520 0.0256791
122521 0.0260492
122524 0.0259655
122525 0.0259768
122526 0.0259187
122527 0.0259325
122535 0.0258961
122536 0.0249396
122537 0.02548
122538 0.0255612
122539 0.0244453
122540 0.0251526
122541 0.0247608
122542 0.0255678
122545 0.0249791
122548 0.0250456
122549 0.0258217
122550 0.0249389
122551 0.0253896
122555 0.0247032
122556 0.0260293
122557 0.0250614
122559 0.0244848
122560 0.0257644
122561 0.0249347
122562 0.0252238
122563 0.024787
122564 0.0258481
122568 0.0247364
122569 0.0248783
122570 0.0248387
122571 0.0247865
122572 0.0250531
122573 0.025308
122574 0.0249534
122575 0.0248394
122576 0.0264063
122577 0.0256734
122579 0.0261078
122585 0.0251481
122586 0.0251893
122587 0.0249691
122589 0.0246683
122590 0.0251945
122593 0.0254926
122594 0.0251181
122596 0.0254088
122599 0.0256482
122602 0.0248815
122603 0.0249731
122604 0.0248193
122605 0.0249079
122606 0.024092
122608 0.0263267
122610 0.0263485
122613 0.0257764
122614 0.0260312
122615 0.0259475
122616 0.0262427
122618 0.0261344
122619 0.0257413
122620 0.0260149
122623 0.0256565
122625 0.0260694
122626 0.0258916
122628 0.0261175
122629 0.0257776
122630 0.0259004
122631 0.0262496
122632 0.0262143
122634 0.0255863
122640 0.0258926
122641 0.0255571
122642 0.0258873
122643 0.0261705
122646 0.0258622
122647 0.0258108
122648 0.0258076
122649 0.0259143
122650 0.0260773
122652 0.0258626
122653 0.0260156
122654 0.0256816
122657 0.0261039
122658 0.0260025
122661 0.0257096
122665 0.02563
122667 0.0258729
122672 0.0260267
122673 0.0257295
122674 0.0261144
122675 0.0260211
122676 0.0259345
122677 0.0260311
122679 0.0258048
122681 0.0258834
122682 0.025946
122683 0.0260816
122684 0.0259222
122685 0.0258912
122686 0.0259208
122687 0.0261806
122689 0.02592
122690 0.0259517
122691 0.0258307
122692 0.0258176
122693 0.0258955
122695 0.0262836
122696 0.0258406
122698 0.0258572
122699 0.0258818
122700 0.0260998
122701 0.025828
122702 0.0258511
122703 0.0260507
122704 0.0262508
122705 0.0257704
122708 0.0260742
122710 0.0257618
122711 0.0258683
122712 0.0261846
122713 0.0257177
122714 0.0261122
122721 0.0252592
122722 0.0259355
122726 0.0257509
122727 0.0257741
122728 0.0260939
122729 0.0258073
122730 0.0256516
122731 0.0258892
122733 0.0259695
122734 0.0260478
122735 0.0257567
122736 0.0261011
122737 0.0260189
122738 0.0258789
122739 0.026092
122740 0.0257469
122741 0.0257219
122743 0.0257681
122744 0.0258381
122745 0.0256999
122746 0.0260544
122747 0.0259947
122749 0.0261292
122751 0.0259374
122752 0.0258234
122753 0.0259837
122754 0.02599
122755 0.0257477
122766 0.0259571
122767 0.0253873
122768 0.0251067
122769 0.0252951
122770 0.0247643
122772 0.0249824
122773 0.0253547
122776 0.0260763
122777 0.0245709
122778 0.0252355
122779 0.0246512
122780 0.0254684
122781 0.0259427
122783 0.0248753
122785 0.0249438
122786 0.0249172
122787 0.0256788
122789 0.0253789
122796 0.0251162
122797 0.0249344
122798 0.0252019
122799 0.0249803
122800 0.0251327
122801 0.025185
122802 0.0253429
122803 0.0247581
122804 0.0250152
122805 0.0250285
122808 0.024636
122809 0.0253391
122810 0.0248028
122812 0.0259622
122813 0.0260407
122815 0.0259115
122816 0.025921
122819 0.0259451
122820 0.0258219
122821 0.0256216
122823 0.0259133
122824 0.0260286
122825 0.0261006
122826 0.0260993
122827 0.0258103
122829 0.0260015
122830 0.0259412
122831 0.0261375
122832 0.0263848
122833 0.026169
122835 0.0257698
122838 0.0257719
122841 0.0258609
122842 0.0258698
122843 0.0257993
122844 0.0258651
122845 0.0258991
122846 0.0259033
122847 0.0258931
122852 0.0258859
122853 0.0259909
122855 0.025916
122856 0.0258365
122858 0.0257937
122859 0.026073
122860 0.0260307
122862 0.0259081
122863 0.025664
122866 0.025892
122867 0.0259221
122868 0.0260313
122869 0.0259745
122870 0.0258994
122871 0.0258145
122873 0.0257982
122874 0.0258716
122879 0.0258202
122880 0.025843
122881 0.0257477
122967 0.0251245
122986 0.02697
122987 0.0260874
122988 0.0264411
122990 0.0271973
122993 0.0257173
122995 0.0251633
122996 0.0259832
122998 0.0251183
122999 0.0258919
123001 0.0251307
123002 0.0254872
123003 0.0250855
123004 0.0258719
123011 0.0251175
123012 0.0247733
123013 0.02537
123014 0.026983
123016 0.0249842
123018 0.0244839
123019 0.0246061
123020 0.0261498
123021 0.025575
123022 0.0258756
123023 0.0260204
123024 0.0259503
123025 0.0262258
123026 0.026096
123027 0.0260013
123028 0.0261916
123029 0.0261946
123034 0.0258799
123035 0.0262328
123036 0.0261196
123038 0.0260839
123039 0.0261216
123040 0.0258412
123041 0.0262116
123042 0.0259631
123043 0.0259186
123044 0.025653
123048 0.0260662
123049 0.0257687
123050 0.0258837
123051 0.0257694
123052 0.0258841
123054 0.0258967
123055 0.0259618
123056 0.02634
123058 0.025956
123059 0.0257588
123060 0.0259405
123062 0.025885
123063 0.0261365
123065 0.0256533
123066 0.0259291
123067 0.0258764
123068 0.0260461
123070 0.0258842
123074 0.0261054
123077 0.0265182
123078 0.0255806
123081 0.0263017
123083 0.0259654
123084 0.0260962
123085 0.0260618
123087 0.0258253
123088 0.0258353
123089 0.0261305
123090 0.0259123
123091 0.0260835
123093 0.0262987
123097 0.0261188
123101 0.0260215
123164 0.0253544
123165 0.0262336
123166 0.0259375
123167 0.0254515
123168 0.026369
123169 0.0252268
123170 0.0256898
123172 0.0258852
123175 0.0257229
123176 0.0260954
123178 0.0269779
123193 0.0266574
123196 0.0269007
123197 0.0268596
123198 0.026691
123200 0.0265302
123201 0.0267987
123202 0.0266286
123204 0.0261068
123205 0.0257808
123206 0.0259584
123207 0.0256961
123209 0.0260164
123210 0.0262546
123211 0.025881
123213 0.0260023
123215 0.0256918
123218 0.025768
123219 0.0258923
123223 0.025666
123224 0.025787
123225 0.0260869
123226 0.025667
123227 0.0259519
123229 0.0258792
123233 0.0259411
123237 0.0259461
123238 0.0259516
123240 0.0259871
123243 0.0261976
123245 0.0260364
123248 0.0260502
123250 0.0258788
123251 0.0261641
123252 0.026101
123253 0.026022
123256 0.026047
123258 0.025869
123259 0.025866
123260 0.0258505
123261 0.0260071
123262 0.0258533
123264 0.0256828
123266 0.0255855
123267 0.0258268
123268 0.0259654
123269 0.0259659
123270 0.0259481
123272 0.0255678
123274 0.0261665
123275 0.025648
123277 0.0258549
123278 0.0257892
123279 0.0262842
123280 0.0257295
123281 0.025886
123285 0.0258006
123290 0.0257946
123293 0.0260424
123294 0.0258543
123295 0.0259315
123300 0.0260161
123301 0.0260774
123302 0.0255399
123303 0.0254723
123304 0.0255069
123319 0.01462
123369 0.0296988
123370 0.0297531
123378 0.0297192
123380 0.0292384
123382 0.0295888
123396 0.0312856
123397 0.0313459
123400 0.0307908
123401 0.0314417
123402 0.0313887
123403 0.0313859
123404 0.0315157
123405 0.0314917
123409 0.0315418
123411 0.0313051
123413 0.0314334
123414 0.0316454
123415 0.0314961
123417 0.0313618
123418 0.0313236
123419 0.0313348
123420 0.0317478
123421 0.0316491
123423 0.031587
123425 0.0314951
123426 0.0312752
123427 0.0315487
123428 0.0315695
123429 0.0314391
123430 0.0315527
123432 0.0314413
123433 0.0314184
123434 0.0316002
123435 0.0322206
123436 0.0315219
123437 0.0314384
123439 0.0314883
123440 0.0314806
123441 0.0313303
123442 0.0314078
123445 0.0314794
123446 0.0315367
123447 0.0317299
123450 0.0314812
123452 0.0315142
123453 0.0315632
123455 0.0315507
123456 0.0318164
123457 0.0316853
123459 0.0314833
123461 0.031489
123462 0.0315774
123463 0.0314962
123464 0.0315181
123465 0.0316288
123466 0.0315235
123468 0.0314843
123470 0.0315954
123471 0.0314457
123472 0.0315574
123474 0.0315352
123476 0.0314045
123477 0.0314694
123478 0.0315244
123479 0.0316472
123480 0.031618
123481 0.0316878
123484 0.0317067
123488 0.0316483
123491 0.0314491
123492 0.0315231
123493 0.0312499
123495 0.0314797
123496 0.0314928
123497 0.0316365
123498 0.0316322
123499 0.0316141
123500 0.0316421
123504 0.0313321
123565 0.0297688
123566 0.0297503
123567 0.029747
123568 0.0290986
123569 0.0297823
123570 0.0296504
123591 0.0326665
123592 0.0322065
123596 0.03153
123597 0.0298288
123598 0.0306224
123599 0.0305016
123600 0.0299699
123601 0.0308786
123602 0.0309073
123603 0.0310418
123604 0.0312017
123606 0.0303483
123607 0.0313023
123608 0.0316906
123610 0.0316917
123611 0.0315218
123612 0.031651
123615 0.0317071
123616 0.0315915
123617 0.0316912
123618 0.0314254
123619 0.0315841
123620 0.0316761
123621 0.0314086
123623 0.0314649
123624 0.0315811
123631 0.0317632
123632 0.0314924
123633 0.03178
123635 0.0315696
123636 0.0314807
123637 0.0314763
123638 0.0310759
123639 0.031372
123640 0.0314929
123641 0.0314868
123643 0.03146
123644 0.0315616
123645 0.0315578
123646 0.0313104
123647 0.031683
123648 0.0314088
123650 0.0313869
123651 0.031614
123652 0.031471
123653 0.031658
123654 0.0314004
123656 0.0316126
123658 0.0315296
123659 0.0314599
123665 0.0314304
123670 0.0316315
123672 0.0316909
123673 0.0315811
123674 0.0317328
123675 0.0315651
123678 0.0319862
123679 0.0315122
123683 0.0313913
123685 0.0316463
123686 0.0314506
123689 0.0315154
123691 0.0315306
123692 0.0316107
123693 0.0317278
123694 0.0315524
123695 0.0315454
123697 0.0314796
123698 0.0317178
123699 0.0314974
123700 0.0314832
123703 0.031086
123704 0.0314956
123705 0.0317365
123706 0.0314928
123707 0.0315283
123709 0.0314955
123710 0.0312442
123714 0.0311094
123715 0.0315913
123716 0.0314717
123717 0.0314982
123718 0.0315884
123767 0.0294501
123768 0.0299238
123771 0.0300419
123772 0.0291627
123773 0.0295399
123774 0.0290179
123775 0.0295255
123781 0.0314585
123782 0.0296321
123783 0.0306369
123784 0.0301787
123786 0.0304375
123787 0.0305593
123789 0.0313517
123790 0.0313243
123792 0.0313213
123793 0.0296377
123794 0.0291898
123796 0.0289981
123800 0.0287943
123803 0.0295953
123809 0.0293045
123810 0.0295181
123811 0.0292261
123812 0.0293782
123813 0.0295376
123814 0.0298906
123815 0.0289327
123816 0.0293728
123817 0.0299141
123818 0.0294867
123820 0.0296076
123821 0.031219
123822 0.0313052
123823 0.0313173
123826 0.0310721
123828 0.0312196
123829 0.0314105
123830 0.0313048
123831 0.0315988
123832 0.0313206
123833 0.031553
123836 0.0313643
123837 0.0314279
123839 0.0314788
123840 0.031499
123841 0.0315085
123842 0.0313575
123843 0.0312867
123844 0.0314472
123845 0.0314722
123847 0.0315206
123849 0.0319784
123850 0.0312883
123851 0.0315599
123852 0.0314247
123853 0.0314744
123858 0.0316061
123859 0.031367
123860 0.0314724
123862 0.0315004
123863 0.0313998
123864 0.0314541
123865 0.0312655
123866 0.0315989
123867 0.0315413
123868 0.0315925
123869 0.0316233
123871 0.0314142
123872 0.0316639
123873 0.0315826
123874 0.0312332
123875 0.0312141
123876 0.0312387
123879 0.0314231
123881 0.0313303
123882 0.0316832
123884 0.0316572
123885 0.0308291
123886 0.0314385
123887 0.0313704
123888 0.0313761
123890 0.0312024
123891 0.0311479
123893 0.0312359
123907 0.0197678
123938 0.0292976
123939 0.0294726
123941 0.0289322
123944 0.0295577
123945 0.0288654
123951 0.0290915
123952 0.028901
123953 0.0298309
123955 0.0291206
123956 0.0294061
123958 0.0296389
123959 0.0295927
123960 0.0297016
123961 0.0296654
123962 0.0294482
123963 0.0313525
123964 0.0314941
123965 0.0313588
123966 0.0312313
123969 0.0313266
123970 0.0312707
123971 0.0315812
123972 0.0314319
123973 0.0314034
123974 0.0333881
123976 0.0340207
123977 0.0338971
123979 0.0336636
123980 0.0338775
123981 0.0337181
123982 0.0337603
123984 0.0339638
123985 0.0338129
123986 0.0338979
123987 0.0339516
123991 0.0310359
123992 0.0313241
123993 0.0312918
123994 0.0311252
123995 0.0310643
123996 0.0312737
123997 0.0310862
123998 0.0315639
124000 0.0313941
124001 0.031218
124007 0.0311086
124008 0.0314033
124010 0.0312639
124011 0.0314475
124012 0.031499
124013 0.0314023
124014 0.0312756
124016 0.0312261
124017 0.0313179
124019 0.0318099
124020 0.0311169
124023 0.0314586
124024 0.0313956
124025 0.0314813
124026 0.0315563
124029 0.0315145
124031 0.0316739
124032 0.0316718
124033 0.0313219
124034 0.0312962
124035 0.0312997
124037 0.0315279
124038 0.0312325
124040 0.0314307
124041 0.031244
124080 0.0310565
124081 0.0297743
124084 0.0299048
124085 0.0300622
124086 0.0307118
124087 0.0307691
124089 0.0313669
124091 0.0312925
124092 0.0310293
124102 0.0313622
124103 0.0302546
124106 0.0297506
124107 0.0306295
124109 0.0309556
124110 0.0310868
124111 0.0311905
124112 0.0311153
124113 0.0285586
124114 0.0294043
124115 0.0294802
124117 0.029081
124121 0.0292019
124123 0.0298921
124125 0.0296189
124126 0.0295175
124127 0.029585
124128 0.0297639
124129 0.0293577
124132 0.0289032
124134 0.0290647
124137 0.0294137
124138 0.0296325
124139 0.0296669
124140 0.0297093
124141 0.0294725
124142 0.0314338
124144 0.0312459
124146 0.0313744
124148 0.0308735
124149 0.0314002
124150 0.0315087
124152 0.0314109
124153 0.0315326
124154 0.0313174
124155 0.0316549
124156 0.0312075
124159 0.0314918
124161 0.031543
124162 0.0313683
124163 0.031609
124165 0.0314128
124166 0.0315003
124167 0.0316928
124170 0.0316333
124171 0.0312606
124172 0.0314478
124173 0.0315437
124174 0.0313238
124175 0.0315837
124176 0.0317215
124177 0.0315948
124178 0.0316106
124179 0.0314251
124181 0.0313838
124185 0.0316466
124186 0.0313928
124187 0.0314495
124188 0.0318094
124190 0.0316237
124192 0.0315018
124193 0.0316225
124194 0.0316483
124195 0.0314649
124196 0.0314571
124197 0.0315081
124200 0.031631
124201 0.0317277
124202 0.0313552
124205 0.0315146
124208 0.0314998
124209 0.0316724
124210 0.0314054
124212 0.0315569
124213 0.0315
124214 0.0314303
124279 0.0312519
124281 0.0293507
124282 0.0307885
124289 0.0294855
124290 0.0310516
124291 0.0302485
124293 0.0311612
124294 0.0316017
124296 0.0312535
124299 0.0297548
124300 0.0296171
124301 0.0292665
124302 0.0293287
124309 0.0297576
124311 0.0300535
124312 0.0291758
124313 0.0295453
124314 0.0293114
124315 0.0293408
124318 0.0293455
124319 0.0294973
124321 0.0291854
124322 0.0294012
124323 0.0290083
124324 0.0297492
124326 0.029184
124327 0.0314297
124328 0.0314599
124329 0.031364
124330 0.0312975
124333 0.0317632
124334 0.0313758
124335 0.031209
124336 0.0313387
124337 0.0313674
124338 0.0315179
124339 0.0314804
124341 0.0315167
124343 0.0315383
124344 0.0313823
124346 0.0314701
124347 0.0316096
124348 0.0314277
124349 0.0315929
124350 0.0313819
124351 0.0314295
124352 0.0314123
124353 0.0312411
124354 0.0314362
124356 0.03154
124359 0.03142
124360 0.0313713
124361 0.0311858
124374 0.0313021
124375 0.0313717
124376 0.0314333
124377 0.0313078
124382 0.0313952
124383 0.03133
124384 0.0313754
124385 0.0312875
124389 0.0313642
124391 0.031605
124392 0.0314134
124393 0.0314456
124394 0.0314834
124436 0.0315506
124437 0.0317456
124440 0.0301365
124444 0.0299288
124445 0.0310314
124448 0.0308299
124449 0.0307399
124450 0.0313378
124451 0.0314025
124452 0.0275148
124454 0.0258821
124456 0.0268179
124458 0.0263214
124462 0.0266398
124464 0.0260812
124465 0.0265598
124466 0.026577
124467 0.0261691
124469 0.0262769
124472 0.0266295
124473 0.0265345
124474 0.0262559
124475 0.0261223
124477 0.0268945
124478 0.0268245
124479 0.0283601
124480 0.0284668
124481 0.0314908
124482 0.0312534
124484 0.0314421
124486 0.0314614
124490 0.0315557
124491 0.031358
124492 0.031336
124493 0.0314475
124495 0.0315
124496 0.0312885
124497 0.031529
124498 0.0312577
124499 0.0314416
124500 0.0315245
124502 0.0315122
124505 0.0315023
124506 0.0310612
124507 0.0313063
124508 0.0315563
124509 0.0315032
124510 0.0314054
124513 0.0312344
124515 0.0313796
124516 0.0312554
124517 0.0313423
124518 0.0312947
124519 0.0315078
124522 0.0327973
124523 0.0311022
124524 0.0315083
124525 0.0311145
124526 0.0314116
124527 0.0313461
124530 0.0313429
124531 0.0314838
124532 0.0314761
124533 0.0314193
124534 0.0312715
124535 0.0310643
124536 0.0313539
124537 0.0314217
124538 0.0314123
124541 0.0313058
124542 0.0314551
124543 0.0313179
124545 0.0314741
124547 0.0314857
124548 0.0315052
124569 0.0247014
124572 0.0297601
124573 0.029879
124574 0.0274021
124625 0.0316806
124626 0.029556
124629 0.0305662
124630 0.0309097
124632 0.0314027
124633 0.0304154
124636 0.031272
124639 0.0315191
124640 0.0312971
124641 0.0314048
124643 0.0293603
124644 0.0292976
124645 0.0289519
124647 0.0292817
124648 0.0296972
124650 0.0295321
124651 0.0290028
124652 0.0289006
124655 0.0296864
124657 0.0292878
124658 0.0302187
124659 0.0291479
124660 0.0293578
124663 0.0297345
124665 0.029304
124667 0.0296648
124668 0.0288518
124671 0.0313984
124672 0.0315088
124673 0.0313904
124674 0.0316043
124675 0.0314456
124676 0.0314698
124677 0.0312947
124679 0.0313768
124680 0.0314147
124681 0.0312851
124684 0.0313363
124685 0.0313637
124687 0.0312323
124688 0.0314571
124690 0.031321
124691 0.0314787
124699 0.0312869
124701 0.0313622
124702 0.0316188
124704 0.031176
124705 0.0314731
124706 0.0312951
124707 0.0313293
124708 0.031674
124709 0.0314051
124711 0.0314331
124712 0.0313456
124713 0.0315057
124714 0.0314744
124716 0.0314504
124718 0.0314573
124719 0.0314702
124720 0.0313578
124721 0.0314091
124722 0.0313252
124725 0.0312777
124726 0.0313537
124727 0.0313108
124728 0.0313172
124729 0.0314666
124730 0.0316352
124731 0.0315833
124732 0.0312769
124733 0.0314409
124734 0.031426
124735 0.0313652
124736 0.0314579
124747 0.0265725
124767 0.025294
124779 0.0316401
124780 0.0314816
124785 0.0308763
124786 0.0292576
124796 0.0314958
124807 0.028586
124808 0.0298979
124809 0.029785
124810 0.0294134
124812 0.0287555
124814 0.0297067
124816 0.0291998
124820 0.0293309
124822 0.0310755
124823 0.0313157
124824 0.0312035
124828 0.0314054
124831 0.0314347
124836 0.0312667
124845 0.0314372
124849 0.0313887
124851 0.0314566
124852 0.0312616
124853 0.031452
124855 0.0312401
124856 0.0314899
124860 0.0315527
124861 0.0314965
124862 0.03142
124863 0.0317138
124864 0.0316339
124865 0.0315176
124870 0.0313209
124871 0.0315235
124875 0.0315586
124877 0.0315989
124878 0.0314371
124879 0.0315929
124880 0.0315704
124881 0.0313198
124882 0.0313091
124883 0.0314017
124884 0.0312998
124886 0.0313835
124887 0.0314501
124888 0.0314856
124889 0.0314563
124890 0.031296
124892 0.0314466
124894 0.0315248
124895 0.0315255
124896 0.0313901
124897 0.0314635
124898 0.0314879
124899 0.0316639
124901 0.0314528
124902 0.0316348
124903 0.0311322
124904 0.0314974
124905 0.0316228
124906 0.0312452
124907 0.0314401
124909 0.0315543
124912 0.0313722
124913 0.0314392
124915 0.0316446
124917 0.0314002
124925 0.0263029
124927 0.0256437
124930 0.0249152
124932 0.0257465
124934 0.0260239
124935 0.0270172
124936 0.0256055
124954 0.0292015
124960 0.0296426
124961 0.0295747
124962 0.029878
124963 0.0296619
124966 0.0296038
124967 0.0289645
124968 0.0293792
124969 0.0290776
124970 0.0292866
124971 0.0297185
124972 0.0294681
124973 0.02945
124974 0.0317243
124975 0.0312646
124979 0.0314558
124981 0.0317058
124982 0.0314749
124984 0.031616
124986 0.0313201
124988 0.0316401
124989 0.0313552
124992 0.0314137
124993 0.0315104
124994 0.0315798
124995 0.0312877
124997 0.0311797
124999 0.0317791
125000 0.0315926
125001 0.0314853
125003 0.0315076
125004 0.0316683
125009 0.0315573
125012 0.0314072
125015 0.0313663
125017 0.0318205
125020 0.0315102
125021 0.0316781
125022 0.0315354
125023 0.0313304
125025 0.0314503
125026 0.0313654
125028 0.0313377
125029 0.0316042
125030 0.0313636
125031 0.0314199
125032 0.0314681
125033 0.0315259
125034 0.0314535
125036 0.0312793
125038 0.0314804
125039 0.0315362
125040 0.0314715
125042 0.0313336
125043 0.0314859
125048 0.0313281
125049 0.0315703
125051 0.0317783
125054 0.0315502
125055 0.0314371
125056 0.0315744
125057 0.0309319
125058 0.0314876
125059 0.0314487
125061 0.0318456
125062 0.0316803
125064 0.0311463
125065 0.0314337
125067 0.0315907
125068 0.0315501
125070 0.031684
125072 0.0314854
125075 0.0315467
125076 0.0315014
125077 0.0315657
125078 0.0315235
125079 0.0314209
125081 0.0312773
125082 0.0316756
125086 0.0314874
125094 0.0270473
125095 0.0266214
125097 0.0260366
125098 0.0262959
125119 0.031264
125120 0.02965
125121 0.0306856
125122 0.0303218
125125 0.0308839
125126 0.031153
125127 0.0306166
125148 0.0316231
125149 0.0316173
125151 0.0314464
125153 0.0313048
125154 0.0314004
125155 0.0315689
125158 0.0293674
125159 0.0293604
125160 0.0294713
125163 0.0296575
125166 0.029706
125168 0.0297294
125169 0.0296472
125170 0.0293302
125171 0.0292997
125175 0.0296229
125176 0.0292244
125177 0.0296005
125178 0.0294372
125179 0.0316198
125181 0.0315429
125183 0.0316826
125184 0.0318051
125187 0.0314992
125188 0.0315447
125189 0.031597
125190 0.0315531
125191 0.0315237
125192 0.0313602
125193 0.0314891
125194 0.0312815
125196 0.0313484
125197 0.0312723
125198 0.031439
125199 0.0317027
125200 0.0316822
125201 0.0318113
125202 0.0317218
125205 0.031626
125206 0.0316259
125207 0.0316832
125209 0.0313978
125211 0.0315335
125212 0.0316039
125213 0.0316461
125214 0.0316288
125215 0.0314314
125217 0.0316274
125222 0.0314067
125224 0.031367
125225 0.0316278
125226 0.0315936
125227 0.0315068
125228 0.0315429
125229 0.0315926
125231 0.0314238
125232 0.0321385
125233 0.0314435
125234 0.0314236
125236 0.0315898
125237 0.0314621
125238 0.0314043
125239 0.031427
125243 0.0314453
125245 0.0315048
125246 0.0314048
125247 0.0315622
125249 0.0311458
125251 0.0317116
125254 0.031554
125255 0.0300887
125256 0.030793
125257 0.030216
125259 0.0309711
125260 0.0303226
125261 0.0311388
125262 0.0315263
125264 0.0312943
125285 0.0311419
125286 0.0294745
125287 0.0307948
125290 0.0296842
125291 0.0310554
125293 0.0297166
125294 0.0309217
125295 0.0312829
125297 0.0295583
125303 0.0315169
125305 0.0297867
125307 0.0307409
125308 0.0297659
125309 0.0311135
125310 0.0306248
125311 0.031176
125312 0.0314529
125315 0.0291767
125316 0.0317119
125317 0.0314307
125318 0.0313614
125320 0.0312539
125325 0.0317214
125326 0.0313931
125327 0.031268
125329 0.0314959
125331 0.031472
125335 0.031535
125337 0.0314137
125338 0.0315487
125339 0.0315034
125340 0.0313971
125342 0.0315348
125343 0.031455
125344 0.0316434
125345 0.0315858
125346 0.0316148
125347 0.0316139
125348 0.0313453
125351 0.0312227
125353 0.0315132
125354 0.0315741
125357 0.0315159
125358 0.0313792
125360 0.0314685
125361 0.0314663
125362 0.0313916
125363 0.031565
125364 0.0315569
125366 0.0314066
125367 0.0315918
125368 0.0314099
125369 0.0314517
125370 0.0314125
125371 0.0311588
125372 0.0314219
125373 0.0316402
125375 0.0313656
125377 0.0315711
125378 0.0313627
125380 0.0312553
125382 0.0314153
125384 0.0314019
125389 0.0316318
125390 0.0312654
125391 0.0315993
125392 0.031486
125393 0.0317627
125395 0.0314282
125396 0.0315053
125397 0.0315847
125398 0.0313553
125399 0.0314003
125400 0.0316112
125403 0.0315004
125404 0.031383
125405 0.0316623
125407 0.0314265
125408 0.031632
125416 0.031413
126252 0.0291833
126253 0.0294984
126254 0.0291276
126255 0.0285508
126256 0.0294295
126257 0.0294678
126258 0.0288616
126259 0.0283303
126260 0.0291687
126263 0.0283791
126265 0.0291145
126266 0.0287496
126268 0.0292806
126273 0.0285697
126276 0.030829
126288 0.0308083
126290 0.0308844
126292 0.0306949
126293 0.0305104
126294 0.0307427
126296 0.0311529
126298 0.0310699
126299 0.0307872
126300 0.0307114
126302 0.0307835
126304 0.031108
126305 0.0308592
126308 0.0307822
126309 0.0310461
126310 0.0308602
126311 0.0311347
126314 0.0305823
126315 0.0312499
126316 0.0308617
126318 0.0309521
126322 0.0310226
126323 0.0306722
126325 0.0308798
126326 0.031013
126329 0.0309789
126341 0.0317799
126344 0.0307041
126345 0.030863
126347 0.0307772
126349 0.0309821
126352 0.0310089
126353 0.0307194
126354 0.0308946
126355 0.0311086
126356 0.0307171
126359 0.031001
126361 0.0307954
126362 0.0310725
126364 0.0309895
126367 0.0310696
126369 0.0310635
126370 0.0309092
126371 0.0308025
126372 0.031218
126373 0.0310149
126374 0.0309436
126376 0.0309297
126429 0.0308856
126431 0.0308612
126432 0.0307397
126433 0.0308276
126434 0.0303876
126435 0.0289239
126436 0.03
126449 0.03013
126451 0.0309467
126453 0.0305237
126454 0.0300642
126460 0.0284786
126461 0.0297426
126462 0.030458
126464 0.0304113
126465 0.0309358
126467 0.0302462
126469 0.0308162
126471 0.0290014
126472 0.0288148
126473 0.0285782
126475 0.0294685
126476 0.0296591
126477 0.0284767
126478 0.0287031
126479 0.0290987
126480 0.0290138
126483 0.0291486
126485 0.0290969
126487 0.0288936
126488 0.0287655
126490 0.0286082
126492 0.0286209
126494 0.0288324
126496 0.031562
126499 0.0307543
126503 0.0311653
126505 0.031191
126506 0.0313152
126507 0.0306926
126508 0.0308828
126509 0.0310865
126510 0.0306452
126511 0.0309521
126512 0.0312889
126513 0.0309136
126514 0.030931
126517 0.0310007
126520 0.0312145
126521 0.0312841
126522 0.0309092
126523 0.0309366
126527 0.0306745
126528 0.0309198
126531 0.0314682
126532 0.0308718
126535 0.0314155
126536 0.0309904
126538 0.0308367
126539 0.0306585
126540 0.0310165
126541 0.0307538
126542 0.0304438
126543 0.0309445
126546 0.0305356
126552 0.0307793
126554 0.0307412
126555 0.0308866
126556 0.0308619
126557 0.0308115
126559 0.0306869
126562 0.0310389
126563 0.0307434
126564 0.0311464
126566 0.0307547
126568 0.0307896
126569 0.0309632
126572 0.0311489
126573 0.0310653
126575 0.0309984
126576 0.0308204
126577 0.0310274
126578 0.0307688
126579 0.0305488
126581 0.0308296
126618 0.0297457
126619 0.0298367
126621 0.0285701
126622 0.0286069
126624 0.0285847
126625 0.028337
126641 0.0280297
126643 0.0322444
126644 0.0269611
126646 0.031391
126647 0.0319457
126651 0.0287809
126652 0.0288932
126653 0.0293958
126656 0.0287576
126657 0.0288135
126658 0.0294178
126662 0.0291646
126664 0.0286197
126665 0.029057
126666 0.0290643
126667 0.0292431
126668 0.0288258
126669 0.0289784
126670 0.0285701
126673 0.0296069
126676 0.0312993
126677 0.0305784
126679 0.0312368
126680 0.0307588
126682 0.0307132
126683 0.0308272
126684 0.0307179
126685 0.0310771
126688 0.0307843
126689 0.0310464
126690 0.0312254
126691 0.0307443
126692 0.0310317
126693 0.0308907
126695 0.0312768
126699 0.0311135
126701 0.0308429
126702 0.0311265
126703 0.0312215
126704 0.0310916
126706 0.0306506
126707 0.0309074
126709 0.0310723
126710 0.0311703
126711 0.0307688
126714 0.0311506
126716 0.0308726
126717 0.0311346
126718 0.0310496
126719 0.0310712
126720 0.0308972
126721 0.0314175
126722 0.0310669
126723 0.0311853
126725 0.0309573
126728 0.0309218
126729 0.0307699
126731 0.0310178
126732 0.0310109
126733 0.0309546
126734 0.0308721
126735 0.0308281
126736 0.0311425
126737 0.0311001
126738 0.0309966
126740 0.0310053
126744 0.0307733
126745 0.0311771
126746 0.0310005
126747 0.0312665
126749 0.0308577
126776 0.0306867
126777 0.0307091
126778 0.0310219
126779 0.0306767
126780 0.0286999
126782 0.0304065
126783 0.0302464
126814 0.030365
126815 0.0293853
126817 0.0289659
126821 0.02952
126823 0.0304267
126824 0.030604
126825 0.030774
126831 0.0307982
126832 0.0284818
126833 0.0290151
126834 0.0285087
126835 0.028748
126836 0.0290544
126837 0.0287105
126838 0.0283384
126839 0.0292809
126842 0.0290072
126845 0.0288483
126846 0.0286406
126847 0.0286863
126851 0.0293677
126853 0.0288333
126854 0.0280897
126855 0.02918
126856 0.029353
126858 0.030667
126859 0.0310219
126862 0.0307773
126866 0.0308117
126868 0.0307832
126869 0.0311225
126870 0.0308088
126871 0.0310904
126872 0.0309485
126874 0.0311822
126875 0.0309374
126877 0.0308925
126878 0.0308572
126879 0.0312367
126880 0.0308827
126881 0.0308091
126882 0.0308258
126883 0.0309018
126890 0.0309437
126892 0.0310733
126893 0.030701
126894 0.03086
126895 0.030903
126906 0.0310914
126907 0.0309973
126909 0.030692
126910 0.0310891
126911 0.030869
126912 0.0309619
126913 0.0307869
126914 0.030925
126915 0.0310811
126923 0.0308496
126925 0.0313562
126926 0.0309256
126929 0.0310789
126931 0.0310888
126932 0.0308409
126933 0.0309263
126934 0.0309433
126936 0.0307522
126956 0.0253642
126957 0.0256481
126958 0.0257266
126992 0.0292507
126994 0.0296353
126995 0.0312069
126996 0.0306916
126997 0.029743
126998 0.0335765
126999 0.0299105
127000 0.0293684
127001 0.0312202
127002 0.0294846
127003 0.0295526
127004 0.030041
127006 0.0299895
127017 0.0310217
127022 0.0307974
127023 0.0270932
127024 0.0299576
127025 0.0305044
127026 0.0306043
127028 0.0294292
127029 0.031533
127031 0.0296497
127032 0.0302737
127033 0.0301625
127034 0.0303565
127059 0.028892
127061 0.0290312
127062 0.0285564
127064 0.0290024
127065 0.0285417
127066 0.0285975
127067 0.0286356
127068 0.0289844
127070 0.0290347
127071 0.0288352
127072 0.0289678
127073 0.0293115
127074 0.0290811
127097 0.0281796
127099 0.0289383
127107 0.029256
127108 0.0288411
127110 0.0284378
127111 0.0288446
127112 0.0291658
127113 0.0290289
127114 0.0291218
127115 0.029282
127116 0.0287518
127135 0.0294349
127136 0.0288106
127138 0.0283123
127139 0.0303272
127140 0.0310587
127141 0.028902
127180 0.0457804
127181 0.046091
127182 0.0270031
127185 0.0315963
127186 0.0307057
127187 0.0303616
127188 0.0306956
127190 0.0307725
127191 0.0308449
127193 0.0304125
127195 0.0299149
127196 0.031609
127197 0.0303802
127198 0.0309399
127199 0.0297427
127206 0.028168
127213 0.029436
127214 0.0293227
127215 0.0288699
127217 0.0291157
127218 0.0287872
127219 0.0280139
127221 0.0288542
127222 0.0288617
127224 0.0291156
127228 0.028723
127229 0.0288581
127231 0.0291353
127234 0.0287411
127235 0.0290684
127237 0.0292319
127238 0.0286026
127240 0.028541
127241 0.0289079
127247 0.0277125
127249 0.0288949
127250 0.0282873
127251 0.0310901
127254 0.031105
127257 0.0305869
127261 0.0307482
127262 0.0305589
127263 0.0304668
127264 0.0313282
127266 0.030946
127267 0.0307505
127268 0.0310978
127269 0.0310777
127270 0.0308579
127271 0.0313183
127272 0.0309039
127273 0.0308247
127278 0.0306256
127279 0.0307868
127280 0.0311464
127283 0.0308307
127285 0.0307948
127287 0.0310534
127289 0.0312427
127290 0.0308374
127291 0.0310147
127294 0.0309587
127295 0.0309926
127296 0.0306633
127297 0.031121
127304 0.0309311
127306 0.031153
127307 0.0309433
127308 0.0309359
127312 0.0308397
127314 0.0307156
127315 0.0311079
127317 0.0308171
127318 0.0307399
127319 0.0307878
127320 0.0309496
127321 0.0310635
127322 0.0310953
127325 0.0307903
127327 0.0310536
127328 0.030921
127329 0.0308722
127330 0.0309592
127417 0.0280815
127418 0.0304202
127419 0.0293133
127420 0.0288409
127421 0.0296252
127422 0.0292782
127423 0.0294974
127424 0.0295658
127425 0.0285354
127442 0.0292499
127443 0.0296225
127444 0.0290535
127459 0.0309238
127460 0.0310137
127461 0.0306249
127462 0.0306537
127465 0.0331906
127467 0.0334419
127472 0.031998
127473 0.0324954
127477 0.0328936
127478 0.0324536
127479 0.03244
127481 0.032524
127482 0.032614
127483 0.0324402
127488 0.0324996
127489 0.0323422
127492 0.0323837
127493 0.0324987
127498 0.0307107
127499 0.0307705
127501 0.0310254
127502 0.0305233
127503 0.0307041
127504 0.0307171
127506 0.0313886
127507 0.030716
127508 0.0309613
127509 0.0310148
127510 0.0305726
127512 0.0309043
127513 0.0306791
127518 0.0306839
127521 0.0309119
127523 0.0308468
127524 0.0309598
127525 0.030763
127527 0.0307322
127531 0.030976
127532 0.0307612
127534 0.0309191
127535 0.0313772
127536 0.0307759
127537 0.0307912
127538 0.0309761
127539 0.0305477
127540 0.0311076
127542 0.0309187
127544 0.0308821
127545 0.0308827
127588 0.0306536
127589 0.0310781
127592 0.0311314
127594 0.0310254
127598 0.0290407
127600 0.030442
127601 0.0307039
127602 0.0296662
127603 0.0293392
127606 0.0301284
127610 0.0311206
127611 0.0312338
127612 0.031272
127613 0.0309651
127615 0.0315349
127619 0.0291315
127620 0.0289308
127621 0.0289239
127622 0.0288905
127623 0.0298199
127625 0.0290278
127626 0.0293264
127627 0.0293026
127630 0.0293417
127631 0.0292818
127635 0.0291956
127637 0.0294713
127638 0.0299829
127641 0.0293747
127642 0.0291125
127643 0.0288142
127644 0.0292896
127645 0.0294067
127646 0.0295735
127647 0.0289004
127650 0.028704
127651 0.0295872
127652 0.0292975
127654 0.0291328
127657 0.0295637
127659 0.0289306
127661 0.0290736
127662 0.0297062
127663 0.0293607
127664 0.02868
127667 0.0293568
127668 0.0294856
127670 0.0295743
127673 0.0293059
127677 0.0291869
127678 0.0289996
127680 0.0292884
127681 0.0295023
127682 0.0295138
127683 0.0293538
127684 0.0294737
127685 0.0294775
127690 0.0296352
127691 0.0296935
127692 0.029202
127694 0.0289525
127695 0.0298441
127698 0.0291655
127700 0.029294
127701 0.0289795
127702 0.0293822
127703 0.0288738
127704 0.0294625
127710 0.0293875
127711 0.0292323
127712 0.0295033
127721 0.0289843
127722 0.0291956
127723 0.0292011
127725 0.0292549
127729 0.0282679
127731 0.0295756
127735 0.0283764
127737 0.0294391
127739 0.0282239
127740 0.028438
127761 0.0299268
127762 0.0296192
127764 0.030184
127765 0.0301064
127766 0.0304405
127767 0.0301558
127768 0.0301463
127769 0.0302392
127770 0.0299752
127791 0.0311817
127793 0.0309185
127794 0.030628
127795 0.0306987
127796 0.0302149
127797 0.0301999
127798 0.0302526
127799 0.0310295
127800 0.0300607
127802 0.0311248
127803 0.0307955
127804 0.0303555
127805 0.030918
127806 0.030418
127807 0.0308006
127809 0.0304546
127810 0.031354
127813 0.0305773
127814 0.031118
127815 0.0302746
127818 0.0306214
127819 0.0306778
127820 0.0301026
127822 0.0302358
127826 0.0297235
127828 0.030524
127830 0.0306914
127831 0.0299449
127832 0.0307219
127833 0.0307313
127834 0.030532
127835 0.030529
127837 0.0305318
127838 0.0307154
127839 0.0303024
127840 0.0300761
127841 0.0300909
127842 0.0302582
127843 0.030639
127844 0.030705
127845 0.0303238
127846 0.0306289
127856 0.0305788
127858 0.030671
127859 0.0304381
127861 0.0306962
127863 0.0306835
127864 0.0306564
127865 0.0305863
127866 0.0304244
127867 0.0303598
127870 0.0303196
127874 0.0307319
127877 0.030624
127880 0.0303878
127884 0.030772
127885 0.0304817
127886 0.0306988
127889 0.0307303
127891 0.0302494
127892 0.0308191
127893 0.0306793
127894 0.0306898
127895 0.0309791
127897 0.0304067
127902 0.0285135
127904 0.0285529
127905 0.0308069
127924 0.031034
127925 0.0312996
127927 0.0308173
127928 0.0298484
127931 0.0301781
127932 0.029173
127933 0.030726
127951 0.0299125
127955 0.0295422
127958 0.0301926
127959 0.0300073
127961 0.0293203
127962 0.0312117
127963 0.0309345
127967 0.0299252
127968 0.0306596
127969 0.0304304
127970 0.0308301
127971 0.0306384
127981 0.03054
127984 0.0307115
127986 0.0307363
127989 0.0305187
127990 0.0304489
127991 0.0308706
127992 0.0305657
127994 0.0306838
127995 0.0305493
127996 0.0305285
127997 0.0308688
127998 0.0305141
127999 0.0307921
128000 0.0304136
128001 0.0307909
128003 0.0308094
128004 0.0301872
128005 0.0303254
128006 0.0303362
128007 0.0308131
128008 0.0305849
128009 0.0303418
128010 0.0303911
128011 0.0309598
128012 0.030581
128017 0.03036
128019 0.0306455
128020 0.0304514
128021 0.0304492
128022 0.0313333
128024 0.0302222
128025 0.0304709
128029 0.0308823
128030 0.0309191
128031 0.0310129
128032 0.030821
128035 0.0305803
128036 0.0306234
128040 0.0306853
128043 0.0304528
128044 0.0304249
128046 0.0311159
128050 0.0298274
128052 0.0310403
128054 0.0306991
128055 0.0306353
128056 0.0308445
128063 0.0303149
128064 0.0306214
128065 0.0305402
128068 0.0276324
128069 0.0282945
128086 0.0306539
128101 0.0295351
128105 0.0305469
128106 0.0302889
128109 0.0291726
128111 0.0304198
128115 0.0298008
128116 0.0296673
128117 0.0290122
128121 0.0296831
128122 0.0291302
128123 0.0297183
128124 0.0294779
128125 0.029608
128128 0.0282352
128130 0.0291658
128131 0.0289208
128132 0.0294387
128133 0.0288706
128134 0.0292709
128135 0.0291668
128137 0.029628
128138 0.0290291
128141 0.0291142
128144 0.0290598
128145 0.0289433
128146 0.0293925
128147 0.0288565
128148 0.0290276
128149 0.0300167
128150 0.029446
128152 0.0297963
128153 0.0295131
128154 0.0293928
128155 0.0308101
128157 0.0302581
128158 0.0309949
128160 0.0302865
128163 0.0302365
128169 0.030339
128170 0.0306558
128171 0.0305627
128172 0.0305198
128173 0.0295178
128176 0.0305641
128177 0.0303785
128178 0.0305396
128179 0.0303122
128180 0.0302713
128181 0.030387
128182 0.0305535
128185 0.0303049
128186 0.0302007
128187 0.0303355
128188 0.0306443
128189 0.0299262
128190 0.0304676
128194 0.0305831
128195 0.0303337
128197 0.0304057
128198 0.0309485
128199 0.0306544
128200 0.0303342
128201 0.0302891
128202 0.0304195
128204 0.0304881
128208 0.0305146
128210 0.0304923
128211 0.0303525
128212 0.0302732
128213 0.0303607
128214 0.0307132
128215 0.0302251
128217 0.0307228
128220 0.0300651
128223 0.0307133
128238 0.030204
128260 0.0322961
128263 0.0311905
128264 0.0309674
128265 0.031173
128266 0.0322178
128268 0.0377896
128285 0.0327411
128288 0.0303909
128289 0.0309303
128290 0.0310903
128291 0.0316837
128293 0.0300628
128294 0.0305648
128295 0.0301929
128297 0.0304217
128298 0.0300442
128303 0.0311751
128305 0.0316869
128306 0.0310599
128307 0.0302786
128309 0.030424
128310 0.0313686
128312 0.0312335
128313 0.0309379
128314 0.0290593
128315 0.0313038
128316 0.0314179
128326 0.0320574
128327 0.0310394
128341 0.0298773
128348 0.0305849
128350 0.0305579
128351 0.0301931
128354 0.0306761
128356 0.031139
128357 0.0303023
128360 0.0306125
128362 0.0309287
128363 0.0303875
128364 0.0308165
128365 0.0304518
128366 0.0304745
128369 0.0305414
128372 0.0304864
128373 0.0304627
128376 0.0304513
128377 0.030458
128378 0.0303705
128379 0.030411
128380 0.0302799
128382 0.0310774
128383 0.0305628
128387 0.0303592
128389 0.0303024
128391 0.030713
128392 0.0304706
128393 0.0305503
128394 0.0306607
128395 0.0301714
128396 0.0304029
128397 0.0303421
128399 0.0306539
128400 0.0301825
128401 0.0299438
128760 0.0314391
128766 0.031179
128768 0.0312335
128770 0.0311062
128771 0.0313754
128775 0.0310139
128777 0.0313764
128780 0.0307243
128782 0.0315903
128787 0.03099
128788 0.0312977
128789 0.0311845
128790 0.0313507
128792 0.0315666
128793 0.0312844
128797 0.0315122
128798 0.0312116
128800 0.0315309
128809 0.0313462
128812 0.0314633
128813 0.0311557
128815 0.0310704
128818 0.0316881
128820 0.0314843
128821 0.0319401
128824 0.031317
128828 0.0313471
128831 0.0313088
128832 0.0311032
128833 0.0304987
128834 0.0313543
128837 0.0312201
128840 0.0312137
128841 0.0313004
128842 0.0312838
128846 0.0314289
128849 0.0303279
128852 0.0319101
128856 0.029689
128857 0.0295901
128860 0.0295102
128863 0.0294324
128866 0.029445
128868 0.0298455
128869 0.0295117
128870 0.0296089
128871 0.0295014
128872 0.029634
128916 0.0314375
128917 0.0315295
128918 0.0312923
128919 0.0312732
128931 0.031292
128932 0.0320573
128934 0.0312737
128938 0.0313369
128939 0.0315694
128941 0.0316526
128942 0.0314978
128944 0.0313822
128945 0.0313761
128949 0.0315017
128950 0.0314759
128951 0.0316368
128952 0.0314424
128953 0.0314338
128954 0.0312946
128955 0.0315382
128957 0.031509
128958 0.0314087
128963 0.031264
128964 0.031227
128965 0.0311756
128966 0.0313822
128968 0.0312462
128971 0.0315652
128972 0.0314144
128973 0.031373
128974 0.0312871
128975 0.0313885
128981 0.0309876
128985 0.0313471
128986 0.0315133
128987 0.0313744
128991 0.0313108
128992 0.0312392
128994 0.0314709
128998 0.0311958
129000 0.0319015
129002 0.0308617
129004 0.031141
129006 0.0311303
129012 0.0310195
129015 0.0309964
129016 0.0310041
129018 0.031102
129019 0.03105
129020 0.0311019
129021 0.0311447
129023 0.0311257
129025 0.0312273
129026 0.0312007
129027 0.0313628
129028 0.0311724
129029 0.0312782
129030 0.0310638
129031 0.0309865
129032 0.0312218
129033 0.0314811
129034 0.0312791
129037 0.0313801
129041 0.0317942
129042 0.0314187
129044 0.031513
129047 0.0312829
129048 0.0314761
129050 0.0312583
129052 0.0316525
129053 0.0312897
129054 0.0315692
129055 0.0312705
129056 0.0311265
129058 0.0315101
129059 0.0315839
129062 0.0314346
129063 0.029368
129065 0.0292859
129066 0.0296879
129068 0.0293128
129069 0.0295883
129070 0.029554
129071 0.0294526
129072 0.0289309
129073 0.0292284
129080 0.0293958
129146 0.0310311
129147 0.0308785
129148 0.0305744
129149 0.0311556
129150 0.0311767
129156 0.0312796
129157 0.0311378
129158 0.0310672
129159 0.0312174
129160 0.0310932
129162 0.0315
129163 0.0311855
129167 0.0311356
129168 0.0312843
129169 0.0312936
129170 0.0312595
129171 0.0311679
129172 0.031665
129173 0.0311229
129174 0.0313505
129178 0.0314166
129179 0.0312905
129180 0.0312636
129181 0.0313883
129183 0.0311619
129185 0.0312636
129186 0.0313916
129189 0.0312785
129191 0.0313645
129192 0.0311363
129193 0.0313817
129194 0.031292
129195 0.0314068
129196 0.0314684
129197 0.031416
129200 0.0311825
129202 0.0312218
129203 0.0312856
129204 0.031187
129205 0.0311666
129207 0.031053
129208 0.0315252
129219 0.0295965
129221 0.0287803
129519 0.0294691
129521 0.0286938
129522 0.0323221
129524 0.0298791
129526 0.0288426
129527 0.029011
129529 0.0296748
129531 0.0296361
129535 0.0310692
129536 0.0311844
129538 0.0319677
129539 0.0311693
129540 0.0312421
129541 0.0311266
129545 0.0314116
129549 0.0316806
129550 0.031819
129551 0.0318398
129552 0.0314524
129553 0.0318272
129564 0.0314225
129566 0.0314572
129567 0.0310333
129568 0.0313408
129572 0.0314383
129573 0.0311799
129574 0.0313064
129575 0.0311246
129576 0.0315017
129579 0.0314326
129580 0.0317318
129582 0.0312665
129591 0.0312054
129607 0.0312148
129611 0.0309737
129617 0.0311275
129618 0.0312333
129619 0.0313803
129620 0.0309831
129623 0.0320033
129626 0.0310509
129629 0.0312113
129630 0.0311753
129631 0.0309373
129632 0.0314625
129633 0.0315779
129635 0.031456
129637 0.0311611
129638 0.0312726
129641 0.0314979
129643 0.0314359
129644 0.0312484
129645 0.0309194
129646 0.0315669
129648 0.0312598
129649 0.0313381
129651 0.0313153
129652 0.0309916
129653 0.0313346
129655 0.0313247
129656 0.0312875
129659 0.0311623
129660 0.0311485
129672 0.0296404
129673 0.0290437
129674 0.0296044
129675 0.0279983
129676 0.0292729
129678 0.028274
129680 0.0292349
129681 0.0289846
129685 0.0295031
129687 0.0295081
129689 0.0294534
129691 0.0291027
129692 0.0298829
129693 0.0302325
129707 0.0304298
129708 0.0293526
129709 0.0298682
129710 0.0292967
129711 0.028955
129712 0.0287868
129713 0.0293159
129714 0.0292607
129715 0.0297289
129716 0.0291885
129719 0.0291964
129723 0.0286471
129724 0.0296393
129728 0.0291487
129730 0.0296142
129731 0.0311846
129732 0.0310134
129733 0.0311035
129734 0.0314135
129737 0.0310268
129738 0.0308576
129739 0.0315669
129740 0.0314027
129741 0.0313739
129742 0.0314446
129743 0.0309164
129752 0.031379
129753 0.0314499
129754 0.0315115
129756 0.0334707
129757 0.0308882
129758 0.0315304
129760 0.0313018
129761 0.0312498
129762 0.0312748
129763 0.0309973
129764 0.0311587
129768 0.0314098
129769 0.0312952
129771 0.0313545
129772 0.0309742
129773 0.031244
129774 0.0313337
129775 0.0314683
129778 0.0315508
129780 0.030988
129781 0.0311192
129783 0.0312664
129784 0.0312593
129786 0.0314518
129787 0.0311786
129788 0.0314626
129789 0.0314048
129790 0.0310984
129791 0.0311921
129792 0.03106
129795 0.0312518
129796 0.0312503
129797 0.0315922
129798 0.0309566
129799 0.0311474
129800 0.0313759
129803 0.0312484
129804 0.0312898
129805 0.0313416
129806 0.0312709
129808 0.0314665
129809 0.0311495
129811 0.0317892
129812 0.0311787
129813 0.0311822
129814 0.0313273
129817 0.031524
129818 0.0313281
129819 0.0313374
129820 0.0313689
129824 0.0313125
129831 0.0313789
129833 0.0312573
129834 0.0312143
129835 0.0310934
129836 0.0313231
129837 0.0314641
129841 0.031537
129844 0.0295967
129845 0.0292722
129847 0.0296892
129848 0.0291237
129849 0.0291521
129850 0.0296365
129851 0.0287915
129852 0.0285625
129853 0.0297896
129855 0.029586
129857 0.0293265
129860 0.0289399
129861 0.0292025
129863 0.0295217
129864 0.0294776
129865 0.0293849
130199 0.0292432
130200 0.0291707
130203 0.0293917
130204 0.0289313
130205 0.0296919
130206 0.0293581
130207 0.0294974
130209 0.0291503
130210 0.0290027
130245 0.0313823
130247 0.0297259
130248 0.029305
130249 0.0295028
130250 0.0296809
130251 0.0290969
130252 0.0289962
130254 0.0292938
130255 0.0291555
130259 0.0288052
130264 0.0315037
130265 0.0312126
130266 0.0314096
130268 0.0305949
130271 0.0294305
130272 0.0289498
130275 0.0295485
130276 0.0289713
130278 0.029234
130284 0.0311676
130286 0.0316326
130287 0.0312577
130289 0.031277
130290 0.0313088
130293 0.0316197
130303 0.0316291
130306 0.0313581
130307 0.0312597
130308 0.0316418
130310 0.0313097
130312 0.0317309
130315 0.0314252
130316 0.0319981
130317 0.0317685
130318 0.0313888
130319 0.0314004
130320 0.0312005
130324 0.0314642
130328 0.0310315
130329 0.0311452
130332 0.0313875
130335 0.0313672
130338 0.0312932
130339 0.0312202
130343 0.0313289
130346 0.0315451
130347 0.0314412
130348 0.0311493
130350 0.0312565
130351 0.031541
130352 0.0313171
130355 0.0315427
130357 0.0314249
130358 0.0316998
130359 0.0313696
130360 0.0312783
130364 0.0315
130366 0.031578
130367 0.0311912
130369 0.0311916
130372 0.0317216
130374 0.0314826
130375 0.0315443
130379 0.0312889
130384 0.0315229
130386 0.0315638
130387 0.0315999
130389 0.031377
130391 0.0312637
130392 0.0316016
130394 0.0314624
130395 0.0314239
130398 0.0314383
130399 0.0314997
130400 0.0313376
130401 0.0315349
130402 0.0313677
130403 0.0315398
130404 0.0307472
130405 0.0315575
130406 0.0314707
130408 0.0313338
130409 0.0314213
130420 0.0292677
130421 0.0295506
130423 0.0296063
130424 0.0294598
130425 0.0293685
130426 0.0289465
130427 0.029327
130429 0.0297639
130460 0.0288527
130461 0.0292863
130462 0.0290119
130463 0.0292249
130464 0.0296288
130467 0.0290816
130469 0.0293548
130470 0.0299358
130472 0.0313807
130473 0.0314185
130474 0.0309516
130475 0.0315503
130476 0.0313601
130478 0.0315762
130482 0.0310881
130484 0.0314742
130485 0.0314853
130486 0.0315304
130488 0.0314797
130489 0.031329
130490 0.0314157
130491 0.0315233
130492 0.0313556
130494 0.0315099
130495 0.0313002
130497 0.0313172
130500 0.0314586
130501 0.031516
130502 0.0315173
130503 0.0315928
130505 0.0311304
130506 0.0315287
130507 0.031652
130508 0.0314107
130509 0.031238
130511 0.0317064
130512 0.0311836
130514 0.0314853
130515 0.0314343
130517 0.0312171
130518 0.0311486
130521 0.0313934
130523 0.0311542
130525 0.0314224
130527 0.0314848
130529 0.0313532
130530 0.0311063
130531 0.0312423
130533 0.031401
130535 0.0312203
130536 0.0314411
130537 0.0314065
130541 0.0312827
130542 0.0314682
130543 0.0314497
130546 0.0314308
130547 0.0311426
130548 0.0312088
130554 0.0313744
130556 0.0311825
130557 0.0312607
130559 0.0314474
130561 0.0312753
130562 0.0315043
130564 0.0314408
130567 0.0313715
130569 0.0313022
130572 0.0312194
130573 0.0307461
130586 0.0315301
130588 0.0312392
130590 0.0313321
130591 0.0317578
130593 0.0313532
130595 0.0313901
130597 0.0315509
130600 0.0313843
130602 0.0308583
130604 0.0314056
130605 0.030989
130606 0.0312762
130607 0.0314352
130609 0.0311754
130610 0.0312892
130611 0.0312005
130614 0.0291008
130616 0.0294899
130626 0.0309125
130628 0.02928
130629 0.028946
130630 0.0289178
