121339 0.080269
121340 0.0902621
121343 0.0825954
121344 0.086122
121346 0.0894116
121347 0.084858
121348 0.0848774
121349 0.0856207
121361 0.0872112
121362 0.0871613
121365 0.0871182
121369 0.0867541
121370 0.0886348
121373 0.088651
121374 0.0874824
121375 0.0861161
121378 0.088619
121379 0.0878544
121381 0.0876891
121382 0.0871687
121384 0.0874348
121385 0.0874114
121387 0.086956
121390 0.0850317
121391 0.089974
121394 0.0878653
121395 0.0876577
121396 0.0876085
121397 0.0880609
121398 0.0862289
121399 0.0889309
121400 0.0871981
121401 0.0860877
121402 0.0876101
121406 0.0871523
121407 0.0893157
121408 0.0879422
121409 0.087812
121414 0.0899494
121416 0.090209
121418 0.0849964
121419 0.0892376
121420 0.087965
121421 0.0849633
121422 0.0864066
121424 0.0854408
121425 0.0889706
121426 0.0893157
121427 0.0871808
121428 0.0830672
121429 0.0879874
121430 0.0877807
121432 0.0872526
121433 0.0874519
121434 0.0864844
121435 0.0882992
121436 0.0909807
121437 0.0887557
121441 0.0851456
121442 0.0885593
121446 0.085693
121448 0.087389
121449 0.0894067
121454 0.0880321
121456 0.0891229
121458 0.0880582
121459 0.0862451
121474 0.0918997
121476 0.0890967
121477 0.0886527
121479 0.0906351
121480 0.0899052
121519 0.091241
121523 0.0906953
121525 0.0865595
121526 0.091745
121527 0.0914447
121528 0.0921382
121529 0.0888541
121530 0.090073
121531 0.0925678
121534 0.0901676
121535 0.0928225
121536 0.0915767
121539 0.09176
121540 0.0911369
121542 0.0900156
121543 0.0922873
121544 0.0901503
121545 0.0908585
121547 0.0908864
121548 0.090337
121549 0.0904622
121550 0.0890857
121551 0.0899968
121552 0.0908585
121553 0.0911218
121554 0.0910842
121555 0.0925128
121556 0.0905124
121557 0.0897014
121558 0.0909214
121559 0.0911632
121560 0.0898083
121561 0.0917471
121563 0.0910477
121565 0.0916261
121567 0.0900958
121568 0.0896829
121569 0.091912
121574 0.0894389
121576 0.0896985
121579 0.0888434
121580 0.089641
121581 0.0853745
121582 0.0891883
121585 0.0891863
121588 0.086504
121590 0.09042
121592 0.0858783
121593 0.0875015
121595 0.0890748
121608 0.0850571
121609 0.086874
121623 0.0881234
121624 0.0871505
121626 0.0915009
121628 0.0910382
121631 0.0921007
121633 0.0902762
121636 0.088532
121637 0.0902215
121638 0.0894412
121639 0.0874176
121640 0.0901345
121641 0.0894464
121649 0.0868078
121650 0.0905288
121651 0.0899708
121652 0.0903117
121653 0.0912637
121656 0.0870569
121678 0.0905061
121681 0.0910122
121683 0.0891918
121684 0.090555
121687 0.0884468
121688 0.0919883
121689 0.0903639
121694 0.0888451
121698 0.0909764
121704 0.0967576
121705 0.0933332
121706 0.0927439
121707 0.0908971
121708 0.0920925
121710 0.0899137
121711 0.0906193
121713 0.0930734
121714 0.089926
121715 0.0915082
121716 0.0907406
121718 0.0908526
121721 0.0914714
121722 0.0932262
121723 0.0913478
121724 0.0909165
121725 0.0928216
121727 0.0918352
121728 0.0909755
121729 0.0848827
121732 0.0879992
121734 0.0879069
121748 0.0917982
121750 0.0902274
121751 0.0877162
121752 0.0906287
121753 0.0879856
121754 0.0876074
121756 0.0904083
121758 0.0905288
121760 0.0882887
121764 0.088156
121765 0.0868672
121766 0.0898102
121767 0.0883621
121768 0.0875358
121769 0.0906224
121771 0.0903569
121772 0.0898503
121774 0.0918633
121778 0.0897502
121779 0.0877633
121780 0.0889038
121781 0.0900013
121783 0.0916265
121784 0.0891316
121785 0.0890358
121787 0.0909615
121788 0.0899563
121789 0.088325
121790 0.0886722
121792 0.0889787
121794 0.0907265
121795 0.0907165
121799 0.0903331
121800 0.089851
121801 0.0898482
121802 0.08988
121803 0.0909232
121804 0.0902755
121808 0.0904115
121811 0.0908087
121812 0.0901989
121813 0.0920783
121814 0.0908665
121815 0.0913962
121816 0.0891732
121817 0.0896001
121819 0.0895726
121820 0.0909155
121822 0.0902042
121823 0.0895993
121824 0.0889555
121826 0.0892394
121827 0.092937
121841 0.0925143
121842 0.0916457
121843 0.0914825
121844 0.0922002
121846 0.0927435
121847 0.0915776
121868 0.0875427
121869 0.089525
121870 0.0903942
121872 0.0898558
121873 0.0877091
121874 0.0882556
121875 0.0913314
121876 0.0902049
121877 0.0863884
121884 0.0870505
121885 0.0873667
121887 0.0882021
121889 0.0904817
121890 0.0895711
121892 0.0926181
121897 0.0908528
121898 0.0903972
121899 0.0871177
121901 0.0841232
121902 0.0863136
121903 0.0885355
121904 0.0917013
121905 0.0867175
121906 0.0896186
121911 0.0853472
121912 0.0900443
121914 0.0850388
121915 0.0885875
121916 0.0901916
121917 0.0877819
121918 0.0892589
121920 0.0897721
121924 0.0892595
121925 0.0897329
121926 0.0905573
121927 0.090715
121928 0.0896335
121929 0.0893904
121930 0.0892246
121932 0.0840242
121933 0.0905061
121936 0.0883192
121939 0.089127
121940 0.0893175
121943 0.0875497
121944 0.0884859
121946 0.0856649
121948 0.0890848
121949 0.0892391
121950 0.0876252
121951 0.0876369
121952 0.0882716
121953 0.0869202
121954 0.0872505
121962 0.0879508
121963 0.0868399
121965 0.0885762
121966 0.0889857
121967 0.086286
121968 0.0887462
121969 0.0881257
121970 0.0877338
121972 0.0882303
121973 0.0896004
121974 0.0877802
121975 0.0889009
121976 0.0882556
121985 0.0888145
121986 0.0881198
121987 0.0884931
121989 0.0876788
121992 0.0889951
121994 0.0878459
121995 0.0889664
121996 0.0892357
121997 0.0846927
121999 0.089182
122001 0.0879587
122003 0.0871982
122006 0.0852491
122007 0.09025
122064 0.0844118
122066 0.087244
122069 0.088384
122070 0.0877653
122071 0.0842444
122072 0.0886587
122073 0.0889862
122074 0.0875888
122076 0.0902027
122077 0.091191
122079 0.0850816
122080 0.090206
122081 0.0850743
122083 0.0891324
122085 0.0865322
122089 0.0866272
122091 0.0872242
122092 0.0840185
122093 0.0840881
122094 0.0816344
122097 0.0859063
122098 0.0856766
122099 0.0848571
122101 0.0845446
122102 0.0858041
122105 0.084011
122108 0.0865188
122109 0.0901215
122111 0.0887965
122112 0.0896306
122114 0.0890679
122116 0.0904028
122117 0.0893119
122118 0.0903004
122123 0.0902509
122124 0.088957
122125 0.0875604
122126 0.0883339
122127 0.0913835
122129 0.0896481
122132 0.0912768
122133 0.0891545
122134 0.0865518
122136 0.0894486
122137 0.0877308
122138 0.0898639
122139 0.090154
122141 0.0900248
122142 0.0893305
122143 0.0906739
122146 0.0899863
122147 0.0904675
122148 0.089605
122152 0.0919064
122153 0.0907886
122154 0.0919741
122156 0.0888685
122158 0.0896295
122159 0.0905835
122160 0.0877259
122164 0.0915972
122166 0.0883112
122167 0.0891105
122168 0.0895022
122169 0.0900208
122170 0.089644
122172 0.0906972
122173 0.0908001
122174 0.0897065
122176 0.0890138
122178 0.0894218
122245 0.0891851
122246 0.0866369
122247 0.0850083
122249 0.0885671
122251 0.0841386
122252 0.0874522
122253 0.0855207
122256 0.089434
122263 0.0928496
122264 0.0830797
122268 0.0843492
122269 0.0877355
122272 0.0863914
122273 0.0835445
122274 0.0895603
122275 0.0890812
122276 0.0874902
122277 0.0884572
122278 0.0860006
122279 0.090775
122280 0.0894837
122281 0.0896533
122283 0.0896728
122285 0.0893352
122286 0.0884662
122287 0.0900623
122288 0.0869901
122289 0.0874327
122291 0.0916343
122292 0.0894031
122293 0.0875886
122294 0.0869218
122296 0.0884398
122297 0.0874018
122298 0.0873166
122300 0.0886961
122301 0.0887012
122305 0.0873107
122306 0.0860309
122307 0.0864529
122309 0.0868504
122310 0.0860764
122312 0.0870632
122313 0.0890354
122314 0.0894407
122315 0.0878406
122317 0.0848214
122319 0.0864842
122321 0.0867864
122322 0.0870771
122323 0.0874532
122326 0.0880756
122330 0.088351
122331 0.0850121
122335 0.161428
122336 0.0895358
122339 0.0905526
122341 0.0897188
122342 0.0901277
122344 0.087643
122345 0.0913749
122347 0.0895261
122349 0.0896276
122350 0.0858662
122351 0.0894135
122352 0.088564
122353 0.0932262
122354 0.0888811
122356 0.087102
122357 0.0896977
122360 0.0876959
122363 0.0900762
122365 0.0887937
122366 0.0907571
122369 0.0892313
122409 0.0944697
122410 0.0915499
122411 0.08777
122412 0.0933417
122413 0.0897377
122414 0.0933427
122415 0.0935478
122416 0.0898606
122418 0.0891411
122420 0.0903273
122422 0.0899731
122423 0.0904738
122424 0.0878008
122425 0.0909377
122426 0.088543
122427 0.0890883
122428 0.0864853
122429 0.0817949
122430 0.0844037
122432 0.0853299
122433 0.0847488
122434 0.085984
122437 0.0943217
122438 0.0909684
122439 0.0918038
122440 0.0917869
122443 0.0912145
122445 0.0936923
122447 0.0940478
122448 0.0925801
122449 0.0891813
122450 0.0913265
122452 0.091836
122453 0.0919594
122454 0.0919344
122455 0.0921393
122461 0.0923107
122462 0.0985126
122463 0.0938126
122464 0.0926405
122465 0.090902
122466 0.0910038
122467 0.093205
122468 0.0921356
122469 0.0918404
122471 0.0926052
122472 0.0922799
122473 0.0915821
122480 0.0895685
122484 0.093582
122485 0.0926821
122486 0.092261
122487 0.0925269
122488 0.0902733
122489 0.0905042
122492 0.0898808
122493 0.0896179
122496 0.0895618
122497 0.0915477
122498 0.0913057
122500 0.0905963
122501 0.0912144
122502 0.090423
122503 0.0913189
122505 0.0922109
122507 0.092091
122508 0.091263
122509 0.0898869
122510 0.0939269
122511 0.0897662
122514 0.0898402
122519 0.0879888
122520 0.0898346
122521 0.0935377
122524 0.0918967
122525 0.0912321
122526 0.0906472
122527 0.0882965
122535 0.0940202
122536 0.0889376
122537 0.0902549
122538 0.0930269
122539 0.0890146
122540 0.0868325
122541 0.088345
122542 0.0916125
122545 0.089227
122548 0.090435
122549 0.0925182
122550 0.09057
122551 0.0893386
122555 0.0873665
122556 0.0906087
122557 0.0913445
122559 0.0875524
122560 0.0916462
122561 0.0876281
122562 0.0885604
122563 0.0892231
122564 0.0920875
122568 0.0892381
122569 0.0862924
122570 0.0914967
122571 0.0908041
122572 0.0881069
122573 0.090024
122574 0.0913856
122575 0.0890302
122576 0.0870851
122577 0.0900361
122579 0.0895366
122585 0.0901343
122586 0.0895306
122587 0.0899963
122589 0.0891061
122590 0.0915594
122593 0.0898016
122594 0.0868282
122596 0.0867215
122599 0.0828682
122602 0.0892457
122603 0.0892135
122604 0.0890575
122605 0.0885642
122606 0.0846695
122608 0.0913298
122610 0.0921944
122613 0.0911861
122614 0.0903266
122615 0.0914291
122616 0.0916984
122618 0.0917428
122619 0.0927738
122620 0.0908649
122623 0.0946432
122625 0.0920319
122626 0.0908031
122628 0.0928968
122629 0.0906196
122630 0.0922832
122631 0.0867104
122632 0.0890771
122634 0.0874888
122640 0.0914258
122641 0.0926064
122642 0.090306
122643 0.0914627
122646 0.0908258
122647 0.0877081
122648 0.0929075
122649 0.0915987
122650 0.0917026
122652 0.09276
122653 0.09161
122654 0.0903405
122657 0.0939256
122658 0.0897688
122661 0.0893542
122665 0.0904806
122667 0.0889994
122672 0.0902223
122673 0.0903889
122674 0.0912719
122675 0.0921594
122676 0.0916777
122677 0.0923841
122679 0.088918
122681 0.0903645
122682 0.0898732
122683 0.0902513
122684 0.0911945
122685 0.0896374
122686 0.0906097
122687 0.0922848
122689 0.0925844
122690 0.0916667
122691 0.0919975
122692 0.0904685
122693 0.0903585
122695 0.090373
122696 0.0906453
122698 0.0916627
122699 0.0887369
122700 0.0917448
122701 0.0902369
122702 0.0877685
122703 0.0941522
122704 0.0902509
122705 0.0928962
122708 0.0901768
122710 0.089272
122711 0.0891334
122712 0.0919611
122713 0.090217
122714 0.0910428
122721 0.0914134
122722 0.0922894
122726 0.0924543
122727 0.0923101
122728 0.0895133
122729 0.0922648
122730 0.0912255
122731 0.0913277
122733 0.094968
122734 0.0912379
122735 0.0921341
122736 0.0909967
122737 0.0912898
122738 0.0909897
122739 0.0908948
122740 0.0915539
122741 0.0931347
122743 0.0910907
122744 0.0904671
122745 0.0912651
122746 0.0911046
122747 0.0911722
122749 0.0917925
122751 0.0932574
122752 0.0893582
122753 0.0906429
122754 0.0916972
122755 0.0908272
122766 0.0934958
122767 0.0896775
122768 0.0865526
122769 0.0902373
122770 0.0882845
122772 0.090364
122773 0.0876366
122776 0.0931056
122777 0.0882735
122778 0.0876507
122779 0.0878634
122780 0.086175
122781 0.0916165
122783 0.0879118
122785 0.0898834
122786 0.0913057
122787 0.0873632
122789 0.0883125
122796 0.0887616
122797 0.0889257
122798 0.0895234
122799 0.0880691
122800 0.0905326
122801 0.0894581
122802 0.0885246
122803 0.0892427
122804 0.0890146
122805 0.0884359
122808 0.0888545
122809 0.0927817
122810 0.0908297
122812 0.0903092
122813 0.0925235
122815 0.0901138
122816 0.0902409
122819 0.0880857
122820 0.0897759
122821 0.0883185
122823 0.0903182
122824 0.0901271
122825 0.091617
122826 0.0918139
122827 0.0903069
122829 0.0899875
122830 0.0899234
122831 0.0905177
122832 0.0908848
122833 0.0926181
122835 0.091146
122838 0.0902929
122841 0.0906376
122842 0.0902989
122843 0.0892408
122844 0.0897417
122845 0.0904487
122846 0.0888656
122847 0.0904489
122852 0.0916432
122853 0.0881262
122855 0.0910092
122856 0.0944243
122858 0.0900375
122859 0.0906382
122860 0.090357
122862 0.0905081
122863 0.0901731
122866 0.0907442
122867 0.0897694
122868 0.0901588
122869 0.0894254
122870 0.0892907
122871 0.0890452
122873 0.0889723
122874 0.0887464
122879 0.0886966
122880 0.0873913
122881 0.088341
122967 0.0881918
122986 0.0889644
122987 0.0854168
122988 0.0861137
122990 0.0847438
122993 0.08974
122995 0.0879145
122996 0.0896642
122998 0.0864775
122999 0.0899976
123001 0.0903997
123002 0.0914177
123003 0.0889736
123004 0.0891879
123011 0.089827
123012 0.0877242
123013 0.0986594
123014 0.0889904
123016 0.0884845
123018 0.0856019
123019 0.0884605
123020 0.0917361
123021 0.0900124
123022 0.0922446
123023 0.0902034
123024 0.0911112
123025 0.0921737
123026 0.0921456
123027 0.0903281
123028 0.0910134
123029 0.0928513
123034 0.0890281
123035 0.0934469
123036 0.0901655
123038 0.0936473
123039 0.0908349
123040 0.0907359
123041 0.0918805
123042 0.0917941
123043 0.0894965
123044 0.0891508
123048 0.0901187
123049 0.0897539
123050 0.0908196
123051 0.0904168
123052 0.0911875
123054 0.0895121
123055 0.088798
123056 0.0875344
123058 0.0904291
123059 0.0900166
123060 0.0905258
123062 0.0899948
123063 0.0889872
123065 0.0905257
123066 0.0888875
123067 0.0892154
123068 0.0902474
123070 0.0908778
123074 0.0898098
123077 0.0850867
123078 0.0894573
123081 0.0908809
123083 0.0891685
123084 0.0886812
123085 0.0898057
123087 0.0897161
123088 0.0918909
123089 0.0903084
123090 0.0901372
123091 0.0908071
123093 0.0891437
123097 0.0886063
123101 0.0893
123164 0.082349
123165 0.0874093
123166 0.0875443
123167 0.0844696
123168 0.0875366
123169 0.0843639
123170 0.0825267
123172 0.0969597
123175 0.0904297
123176 0.0912229
123178 0.0911828
123193 0.0896725
123196 0.0925227
123197 0.0930006
123198 0.0939793
123200 0.0924176
123201 0.0932013
123202 0.0910603
123204 0.0916871
123205 0.0900006
123206 0.090738
123207 0.0911423
123209 0.092399
123210 0.0904089
123211 0.0896985
123213 0.0910703
123215 0.0888122
123218 0.0902882
123219 0.0916766
123223 0.0915725
123224 0.0918051
123225 0.090444
123226 0.0897039
123227 0.0911258
123229 0.0885466
123233 0.0944586
123237 0.0945172
123238 0.0915804
123240 0.0915913
123243 0.0891386
123245 0.0920818
123248 0.0923108
123250 0.0915577
123251 0.0934844
123252 0.0935777
123253 0.091427
123256 0.0906748
123258 0.0914065
123259 0.0883267
123260 0.0908143
123261 0.0900537
123262 0.0892143
123264 0.0894066
123266 0.0865933
123267 0.0858648
123268 0.0908729
123269 0.0911899
123270 0.0900377
123272 0.0912787
123274 0.0899175
123275 0.0917537
123277 0.0904157
123278 0.0912278
123279 0.0914987
123280 0.0895556
123281 0.0899139
123285 0.0917585
123290 0.0913884
123293 0.0902273
123294 0.0908721
123295 0.0897403
123300 0.0935159
123301 0.0933681
123302 0.0934799
123303 0.090543
123304 0.0895264
123319 0.01462
123369 0.0990461
123370 0.0973563
123378 0.0970776
123380 0.0983188
123382 0.0977693
123396 0.100536
123397 0.101237
123400 0.101163
123401 0.101812
123402 0.101178
123403 0.102104
123404 0.100552
123405 0.100934
123409 0.102441
123411 0.101857
123413 0.101028
123414 0.101249
123415 0.101462
123417 0.100996
123418 0.102056
123419 0.101
123420 0.102045
123421 0.10011
123423 0.101917
123425 0.100947
123426 0.101223
123427 0.101458
123428 0.100999
123429 0.101186
123430 0.101612
123432 0.100511
123433 0.10127
123434 0.0995416
123435 0.105291
123436 0.10102
123437 0.100946
123439 0.100697
123440 0.101405
123441 0.101634
123442 0.100276
123445 0.100778
123446 0.100615
123447 0.100416
123450 0.101846
123452 0.100898
123453 0.100353
123455 0.100906
123456 0.101246
123457 0.101142
123459 0.101262
123461 0.100692
123462 0.0997115
123463 0.100746
123464 0.101365
123465 0.10072
123466 0.101118
123468 0.100888
123470 0.100635
123471 0.10046
123472 0.100801
123474 0.102074
123476 0.101787
123477 0.100716
123478 0.0995652
123479 0.10075
123480 0.100811
123481 0.100697
123484 0.100404
123488 0.100766
123491 0.0999262
123492 0.100332
123493 0.0982598
123495 0.101144
123496 0.100473
123497 0.101139
123498 0.101111
123499 0.100311
123500 0.100088
123504 0.10089
123565 0.0980979
123566 0.0988564
123567 0.0955553
123568 0.096125
123569 0.0979121
123570 0.100793
123591 0.164912
123592 0.163339
123596 0.0992316
123597 0.0995904
123598 0.0997798
123599 0.099513
123600 0.0972787
123601 0.100772
123602 0.0997145
123603 0.101422
123604 0.101505
123606 0.0988785
123607 0.101264
123608 0.101406
123610 0.101677
123611 0.100924
123612 0.100485
123615 0.100376
123616 0.102109
123617 0.101623
123618 0.100896
123619 0.100365
123620 0.100672
123621 0.101486
123623 0.101321
123624 0.101231
123631 0.0999084
123632 0.101972
123633 0.100932
123635 0.102064
123636 0.101389
123637 0.099789
123638 0.0997746
123639 0.10114
123640 0.101912
123641 0.101681
123643 0.101169
123644 0.100439
123645 0.102375
123646 0.101873
123647 0.101204
123648 0.102424
123650 0.100809
123651 0.101753
123652 0.101663
123653 0.102196
123654 0.100634
123656 0.101383
123658 0.10194
123659 0.102527
123665 0.101639
123670 0.102034
123672 0.102142
123673 0.101335
123674 0.101696
123675 0.102024
123678 0.103772
123679 0.102104
123683 0.101739
123685 0.10298
123686 0.102683
123689 0.1007
123691 0.101711
123692 0.102133
123693 0.102199
123694 0.102614
123695 0.101731
123697 0.101359
123698 0.102004
123699 0.101186
123700 0.101398
123703 0.102353
123704 0.101025
123705 0.103436
123706 0.101284
123707 0.101606
123709 0.101755
123710 0.0997825
123714 0.101956
123715 0.100776
123716 0.102063
123717 0.102589
123718 0.101252
123767 0.101509
123768 0.096725
123771 0.10098
123772 0.0989969
123773 0.0984872
123774 0.0986439
123775 0.0964472
123781 0.101198
123782 0.0987765
123783 0.0976104
123784 0.0972494
123786 0.100165
123787 0.0989436
123789 0.100914
123790 0.10108
123792 0.101073
123793 0.0966283
123794 0.0968652
123796 0.0972181
123800 0.0964982
123803 0.0956991
123809 0.0956046
123810 0.0974915
123811 0.0955559
123812 0.0968112
123813 0.0968298
123814 0.0979811
123815 0.0956667
123816 0.0963439
123817 0.0972036
123818 0.0978432
123820 0.0982287
123821 0.0990723
123822 0.0997129
123823 0.101291
123826 0.101352
123828 0.100869
123829 0.100938
123830 0.100525
123831 0.10092
123832 0.100384
123833 0.10165
123836 0.101178
123837 0.1006
123839 0.10107
123840 0.100812
123841 0.101084
123842 0.0996033
123843 0.100862
123844 0.101553
123845 0.101328
123847 0.100089
123849 0.101374
123850 0.0991104
123851 0.10061
123852 0.100802
123853 0.100066
123858 0.101704
123859 0.100373
123860 0.100508
123862 0.100363
123863 0.10142
123864 0.099357
123865 0.0997375
123866 0.101684
123867 0.100678
123868 0.10031
123869 0.101093
123871 0.100531
123872 0.100662
123873 0.100811
123874 0.0992492
123875 0.100163
123876 0.0997197
123879 0.101224
123881 0.101561
123882 0.101873
123884 0.0998728
123885 0.0999643
123886 0.101577
123887 0.101696
123888 0.101255
123890 0.100303
123891 0.100576
123893 0.0997422
123907 0.116649
123938 0.0967244
123939 0.0943561
123941 0.0954945
123944 0.096284
123945 0.0975026
123951 0.0978272
123952 0.0979597
123953 0.0945296
123955 0.100384
123956 0.0965318
123958 0.0958198
123959 0.0983057
123960 0.0964548
123961 0.0972373
123962 0.097829
123963 0.0998457
123964 0.0994273
123965 0.100963
123966 0.0992649
123969 0.101022
123970 0.101298
123971 0.100843
123972 0.0997936
123973 0.100588
123974 0.145701
123976 0.145051
123977 0.146098
123979 0.14598
123980 0.147864
123981 0.146377
123982 0.148885
123984 0.148941
123985 0.15028
123986 0.149883
123987 0.148929
123991 0.103035
123992 0.103023
123993 0.103367
123994 0.104354
123995 0.103596
123996 0.103607
123997 0.104249
123998 0.104515
124000 0.102026
124001 0.103648
124007 0.102234
124008 0.10407
124010 0.100377
124011 0.1009
124012 0.101412
124013 0.100135
124014 0.101235
124016 0.0999183
124017 0.0997712
124019 0.0997277
124020 0.10018
124023 0.0998217
124024 0.100467
124025 0.0992038
124026 0.0992816
124029 0.100451
124031 0.100655
124032 0.0992078
124033 0.100694
124034 0.0994015
124035 0.0999926
124037 0.101068
124038 0.0990483
124040 0.100536
124041 0.0989806
124080 0.100225
124081 0.0976469
124084 0.0978292
124085 0.0987082
124086 0.101796
124087 0.0985226
124089 0.101678
124091 0.100477
124092 0.100009
124102 0.101023
124103 0.0956136
124106 0.0957527
124107 0.100625
124109 0.0987423
124110 0.0961498
124111 0.0983737
124112 0.0998964
124113 0.0938552
124114 0.0958273
124115 0.0976727
124117 0.091618
124121 0.0959679
124123 0.0977823
124125 0.0956619
124126 0.0961596
124127 0.0974921
124128 0.0947318
124129 0.0973371
124132 0.0953424
124134 0.0936922
124137 0.0980216
124138 0.0953369
124139 0.0939246
124140 0.0962692
124141 0.0942362
124142 0.0996629
124144 0.100702
124146 0.101269
124148 0.0994219
124149 0.100241
124150 0.100766
124152 0.0999172
124153 0.100143
124154 0.0994803
124155 0.100792
124156 0.0997194
124159 0.100682
124161 0.100425
124162 0.0998015
124163 0.100161
124165 0.0998462
124166 0.0997948
124167 0.100481
124170 0.100622
124171 0.0994721
124172 0.0996895
124173 0.099495
124174 0.0998827
124175 0.100015
124176 0.101069
124177 0.0992494
124178 0.100172
124179 0.0997075
124181 0.101247
124185 0.101969
124186 0.100595
124187 0.100594
124188 0.100456
124190 0.100176
124192 0.0997812
124193 0.100357
124194 0.0999247
124195 0.100396
124196 0.0998108
124197 0.0999516
124200 0.101926
124201 0.102042
124202 0.100465
124205 0.0995984
124208 0.0998255
124209 0.100439
124210 0.100104
124212 0.0999474
124213 0.100278
124214 0.10031
124279 0.102769
124281 0.0978717
124282 0.103786
124289 0.1038
124290 0.104405
124291 0.101459
124293 0.10362
124294 0.104512
124296 0.102
124299 0.100244
124300 0.100484
124301 0.0994486
124302 0.0995154
124309 0.0979685
124311 0.0994864
124312 0.0986216
124313 0.10012
124314 0.0966786
124315 0.0974684
124318 0.0975254
124319 0.0982778
124321 0.0994581
124322 0.10094
124323 0.100766
124324 0.0996228
124326 0.100664
124327 0.102504
124328 0.100938
124329 0.102012
124330 0.10098
124333 0.102534
124334 0.102866
124335 0.10204
124336 0.101472
124337 0.101167
124338 0.101534
124339 0.10191
124341 0.103193
124343 0.10244
124344 0.101606
124346 0.101659
124347 0.10139
124348 0.10161
124349 0.102297
124350 0.100372
124351 0.101398
124352 0.101247
124353 0.10104
124354 0.100695
124356 0.102561
124359 0.101671
124360 0.100286
124361 0.101304
124374 0.100545
124375 0.101273
124376 0.101236
124377 0.101586
124382 0.102425
124383 0.102303
124384 0.103738
124385 0.102591
124389 0.103649
124391 0.103255
124392 0.102022
124393 0.103817
124394 0.101199
124436 0.0985478
124437 0.0980171
124440 0.0988773
124444 0.100806
124445 0.0994423
124448 0.100569
124449 0.0987656
124450 0.0996414
124451 0.0986523
124452 0.101706
124454 0.0968047
124456 0.0962094
124458 0.100462
124462 0.0961281
124464 0.0927178
124465 0.108168
124466 0.100937
124467 0.117258
124469 0.0954493
124472 0.100743
124473 0.103095
124474 0.10354
124475 0.0956747
124477 0.10169
124478 0.102585
124479 0.099285
124480 0.104621
124481 0.0983907
124482 0.0978576
124484 0.0988766
124486 0.0979813
124490 0.0982799
124491 0.0975339
124492 0.0982153
124493 0.0987178
124495 0.0993463
124496 0.0988819
124497 0.0979257
124498 0.097953
124499 0.0986544
124500 0.0984514
124502 0.098436
124505 0.0980064
124506 0.0965858
124507 0.0981004
124508 0.0983238
124509 0.0983128
124510 0.0958329
124513 0.0981584
124515 0.0972722
124516 0.0988192
124517 0.0975566
124518 0.0978745
124519 0.0968184
124522 0.169982
124523 0.100156
124524 0.101329
124525 0.101077
124526 0.100861
124527 0.100328
124530 0.100926
124531 0.101055
124532 0.101531
124533 0.102218
124534 0.101634
124535 0.0994586
124536 0.100095
124537 0.101062
124538 0.100674
124541 0.100678
124542 0.101132
124543 0.100287
124545 0.100826
124547 0.10008
124548 0.100284
124569 0.0809226
124572 0.0882611
124573 0.0706017
124574 0.0915118
124625 0.101321
124626 0.096162
124629 0.101951
124630 0.0987029
124632 0.10047
124633 0.0997053
124636 0.101453
124639 0.0985784
124640 0.0989578
124641 0.101141
124643 0.0982086
124644 0.0952036
124645 0.094954
124647 0.0970066
124648 0.0966756
124650 0.0984138
124651 0.100078
124652 0.0964492
124655 0.0967651
124657 0.097247
124658 0.092853
124659 0.0986165
124660 0.0958555
124663 0.0962463
124665 0.0975664
124667 0.0976379
124668 0.0965046
124671 0.0998814
124672 0.0994473
124673 0.100253
124674 0.100593
124675 0.100501
124676 0.100142
124677 0.100656
124679 0.101027
124680 0.100122
124681 0.100802
124684 0.100361
124685 0.0998785
124687 0.100923
124688 0.100241
124690 0.101335
124691 0.100636
124699 0.100503
124701 0.10129
124702 0.101075
124704 0.100247
124705 0.100285
124706 0.100285
124707 0.101034
124708 0.100214
124709 0.101414
124711 0.101945
124712 0.101129
124713 0.102138
124714 0.100744
124716 0.100264
124718 0.0998493
124719 0.100548
124720 0.101455
124721 0.0999583
124722 0.0997132
124725 0.100436
124726 0.0999752
124727 0.100777
124728 0.101305
124729 0.100815
124730 0.101617
124731 0.10115
124732 0.100151
124733 0.100778
124734 0.100115
124735 0.100189
124736 0.100942
124747 0.0692915
124767 0.0822695
124779 0.101017
124780 0.100591
124785 0.0956916
124786 0.0921078
124796 0.0989083
124807 0.0948663
124808 0.0994668
124809 0.0990287
124810 0.0964948
124812 0.0957063
124814 0.0973671
124816 0.0994018
124820 0.0995572
124822 0.100668
124823 0.101781
124824 0.101755
124828 0.102132
124831 0.100698
124836 0.10041
124845 0.101995
124849 0.100726
124851 0.0998177
124852 0.0994531
124853 0.0989592
124855 0.100338
124856 0.100206
124860 0.0997401
124861 0.100536
124862 0.0996581
124863 0.099826
124864 0.100787
124865 0.10024
124870 0.100034
124871 0.101373
124875 0.0996392
124877 0.100631
124878 0.100119
124879 0.100832
124880 0.100677
124881 0.101429
124882 0.0996263
124883 0.100038
124884 0.100689
124886 0.0995323
124887 0.0996189
124888 0.0998073
124889 0.0993082
124890 0.0989715
124892 0.100622
124894 0.0997898
124895 0.0990031
124896 0.100369
124897 0.0995689
124898 0.100041
124899 0.10014
124901 0.099967
124902 0.100867
124903 0.102957
124904 0.0990547
124905 0.100318
124906 0.0979831
124907 0.100844
124909 0.0997846
124912 0.101529
124913 0.099748
124915 0.0996671
124917 0.0993816
124925 0.0789057
124927 0.078944
124930 0.0769893
124932 0.078817
124934 0.0811902
124935 0.0810824
124936 0.0801783
124954 0.0979056
124960 0.0964917
124961 0.0950558
124962 0.0967366
124963 0.0966405
124966 0.0991545
124967 0.094052
124968 0.0955182
124969 0.0966306
124970 0.0959102
124971 0.0959731
124972 0.0940928
124973 0.0987187
124974 0.10203
124975 0.0994397
124979 0.100102
124981 0.100589
124982 0.10182
124984 0.10074
124986 0.101347
124988 0.102061
124989 0.101446
124992 0.103516
124993 0.100909
124994 0.10217
124995 0.100154
124997 0.105325
124999 0.100705
125000 0.100451
125001 0.100574
125003 0.101544
125004 0.100951
125009 0.102133
125012 0.0991205
125015 0.100024
125017 0.100636
125020 0.100424
125021 0.100312
125022 0.101319
125023 0.100819
125025 0.101888
125026 0.100783
125028 0.0986242
125029 0.100888
125030 0.0992052
125031 0.100223
125032 0.100583
125033 0.101237
125034 0.100295
125036 0.100161
125038 0.100223
125039 0.101152
125040 0.100618
125042 0.0997708
125043 0.100271
125048 0.0999972
125049 0.100638
125051 0.100223
125054 0.099777
125055 0.100052
125056 0.100227
125057 0.0981868
125058 0.099168
125059 0.100669
125061 0.100461
125062 0.101201
125064 0.0995189
125065 0.100516
125067 0.100188
125068 0.0991529
125070 0.0996615
125072 0.102679
125075 0.0994108
125076 0.100455
125077 0.101302
125078 0.100663
125079 0.101117
125081 0.0993672
125082 0.0967536
125086 0.100097
125094 0.0807504
125095 0.0860558
125097 0.0822103
125098 0.0794992
125119 0.101515
125120 0.0997355
125121 0.0999035
125122 0.0992093
125125 0.102044
125126 0.0985511
125127 0.101053
125148 0.101553
125149 0.101242
125151 0.101001
125153 0.10109
125154 0.101189
125155 0.100536
125158 0.0983001
125159 0.0968233
125160 0.0946491
125163 0.0954471
125166 0.0942619
125168 0.099831
125169 0.0982966
125170 0.0976816
125171 0.0903419
125175 0.0975012
125176 0.0956535
125177 0.0976082
125178 0.0947519
125179 0.0994465
125181 0.100002
125183 0.100083
125184 0.0994105
125187 0.100088
125188 0.0995706
125189 0.100226
125190 0.0998777
125191 0.0988544
125192 0.099758
125193 0.0997246
125194 0.100288
125196 0.100423
125197 0.0997961
125198 0.0997715
125199 0.101973
125200 0.0992764
125201 0.100207
125202 0.0990603
125205 0.10007
125206 0.100689
125207 0.100111
125209 0.0982106
125211 0.100673
125212 0.100309
125213 0.0991356
125214 0.099666
125215 0.10055
125217 0.098972
125222 0.0997622
125224 0.100327
125225 0.10039
125226 0.0993349
125227 0.0997614
125228 0.10043
125229 0.100594
125231 0.0993641
125232 0.100347
125233 0.0993248
125234 0.100019
125236 0.100319
125237 0.0998907
125238 0.099888
125239 0.0983821
125243 0.100028
125245 0.0992669
125246 0.0992242
125247 0.1002
125249 0.0967548
125251 0.101203
125254 0.102875
125255 0.099502
125256 0.0986124
125257 0.0985422
125259 0.10028
125260 0.0971815
125261 0.100741
125262 0.0988054
125264 0.100777
125285 0.0986938
125286 0.101161
125287 0.0995771
125290 0.0967879
125291 0.100354
125293 0.0988848
125294 0.100175
125295 0.100613
125297 0.0933357
125303 0.100519
125305 0.0962565
125307 0.0996218
125308 0.098792
125309 0.0998576
125310 0.100564
125311 0.0984823
125312 0.100585
125315 0.0959492
125316 0.100899
125317 0.100469
125318 0.0993436
125320 0.0998362
125325 0.100763
125326 0.100647
125327 0.100855
125329 0.101001
125331 0.0998694
125335 0.0993143
125337 0.101317
125338 0.100126
125339 0.100789
125340 0.101074
125342 0.0999515
125343 0.100046
125344 0.10017
125345 0.100856
125346 0.100545
125347 0.100676
125348 0.0979822
125351 0.0995157
125353 0.100295
125354 0.100898
125357 0.0993853
125358 0.100102
125360 0.101368
125361 0.0996611
125362 0.101377
125363 0.0987658
125364 0.100514
125366 0.100478
125367 0.0998769
125368 0.100142
125369 0.0982837
125370 0.0993993
125371 0.0994288
125372 0.099512
125373 0.0990606
125375 0.101643
125377 0.100164
125378 0.100671
125380 0.100001
125382 0.100297
125384 0.100998
125389 0.10148
125390 0.0995149
125391 0.100718
125392 0.10082
125393 0.099173
125395 0.100812
125396 0.100209
125397 0.0991589
125398 0.100249
125399 0.0995658
125400 0.100059
125403 0.0998131
125404 0.100339
125405 0.100661
125407 0.101287
125408 0.099738
125416 0.0988309
126252 0.0910792
126253 0.0919874
126254 0.0949243
126255 0.0934919
126256 0.0974894
126257 0.0940848
126258 0.0929923
126259 0.0929475
126260 0.0928995
126263 0.0893614
126265 0.0949979
126266 0.0931942
126268 0.0954474
126273 0.0964415
126276 0.106285
126288 0.0997361
126290 0.0998622
126292 0.0989944
126293 0.0970584
126294 0.0983835
126296 0.0983898
126298 0.0980696
126299 0.0986933
126300 0.0982521
126302 0.0980713
126304 0.0986828
126305 0.0970856
126308 0.0980155
126309 0.0984556
126310 0.0988681
126311 0.0986033
126314 0.0983389
126315 0.0983895
126316 0.0991227
126318 0.0980534
126322 0.0984548
126323 0.0985955
126325 0.100786
126326 0.0991447
126329 0.0993157
126341 0.0966868
126344 0.0967664
126345 0.0991777
126347 0.0989367
126349 0.0986731
126352 0.0982085
126353 0.0982777
126354 0.0998586
126355 0.10074
126356 0.099322
126359 0.100839
126361 0.101856
126362 0.0988912
126364 0.0993493
126367 0.100155
126369 0.100293
126370 0.0986916
126371 0.0985587
126372 0.0989746
126373 0.0997564
126374 0.0998616
126376 0.0994255
126429 0.0976051
126431 0.0985947
126432 0.0980362
126433 0.0994292
126434 0.0973433
126435 0.0946161
126436 0.0955899
126449 0.0970661
126451 0.0973335
126453 0.0966998
126454 0.0958838
126460 0.0959573
126461 0.100802
126462 0.0995702
126464 0.0992973
126465 0.10128
126467 0.099969
126469 0.0991813
126471 0.0963194
126472 0.0981209
126473 0.0957387
126475 0.0983819
126476 0.101127
126477 0.0974592
126478 0.0957547
126479 0.0963553
126480 0.0957386
126483 0.0937379
126485 0.0960361
126487 0.0977822
126488 0.0944871
126490 0.0944083
126492 0.0963611
126494 0.0972582
126496 0.0932653
126499 0.0934577
126503 0.0990783
126505 0.101975
126506 0.100738
126507 0.0986273
126508 0.0971737
126509 0.0980639
126510 0.0968867
126511 0.0956474
126512 0.0986826
126513 0.0967583
126514 0.0966477
126517 0.0997691
126520 0.0986677
126521 0.100233
126522 0.0985331
126523 0.0984202
126527 0.0987
126528 0.0957804
126531 0.0995822
126532 0.0992187
126535 0.0991468
126536 0.098677
126538 0.0989154
126539 0.09864
126540 0.0990862
126541 0.0979932
126542 0.0968249
126543 0.0971756
126546 0.0983177
126552 0.0979853
126554 0.0998931
126555 0.0985087
126556 0.0983332
126557 0.098976
126559 0.0983145
126562 0.0990447
126563 0.0978874
126564 0.0981371
126566 0.0982736
126568 0.0975805
126569 0.0985625
126572 0.0979402
126573 0.0993654
126575 0.0998359
126576 0.0984485
126577 0.100035
126578 0.0986027
126579 0.0974435
126581 0.0990307
126618 0.0985669
126619 0.102055
126621 0.0957864
126622 0.101847
126624 0.0938508
126625 0.10538
126641 0.0626995
126643 0.111821
126644 0.0648716
126646 0.112049
126647 0.1205
126651 0.0967424
126652 0.0955013
126653 0.0956952
126656 0.0953447
126657 0.0952988
126658 0.0966403
126662 0.0954007
126664 0.0930626
126665 0.0940077
126666 0.095191
126667 0.0967734
126668 0.0932088
126669 0.092967
126670 0.094184
126673 0.0956165
126676 0.0998315
126677 0.0982066
126679 0.100074
126680 0.0991403
126682 0.0972773
126683 0.0989615
126684 0.0966834
126685 0.0998196
126688 0.0969034
126689 0.0982686
126690 0.0998275
126691 0.0976644
126692 0.0967138
126693 0.097972
126695 0.0990164
126699 0.0984511
126701 0.0982287
126702 0.099439
126703 0.0997433
126704 0.0999312
126706 0.0995925
126707 0.0998342
126709 0.100394
126710 0.0989657
126711 0.0969855
126714 0.0988147
126716 0.0972562
126717 0.0969911
126718 0.0952981
126719 0.0989911
126720 0.0967187
126721 0.0958171
126722 0.0992577
126723 0.0985554
126725 0.100528
126728 0.10024
126729 0.0984428
126731 0.100842
126732 0.0992519
126733 0.0984834
126734 0.0981831
126735 0.0995175
126736 0.0991684
126737 0.0986336
126738 0.0982147
126740 0.0980676
126744 0.10031
126745 0.0997808
126746 0.0983627
126747 0.0993409
126749 0.0987044
126776 0.0977001
126777 0.0997586
126778 0.0994351
126779 0.0968253
126780 0.0929608
126782 0.0999951
126783 0.0990739
126814 0.100596
126815 0.0969857
126817 0.0971636
126821 0.101915
126823 0.101311
126824 0.099667
126825 0.100045
126831 0.0962103
126832 0.0994084
126833 0.0964297
126834 0.0940717
126835 0.096116
126836 0.0939402
126837 0.0948139
126838 0.0896148
126839 0.0912544
126842 0.0934342
126845 0.0950367
126846 0.0920063
126847 0.093942
126851 0.0952648
126853 0.0948068
126854 0.093955
126855 0.097319
126856 0.0982395
126858 0.100069
126859 0.0998005
126862 0.100615
126866 0.0967264
126868 0.0958852
126869 0.0967089
126870 0.0969352
126871 0.0970381
126872 0.0970265
126874 0.096552
126875 0.0953015
126877 0.0949763
126878 0.0966027
126879 0.096045
126880 0.0965705
126881 0.097026
126882 0.0955602
126883 0.0971821
126890 0.0972477
126892 0.0967385
126893 0.0965404
126894 0.0992981
126895 0.0982686
126906 0.0953322
126907 0.0942767
126909 0.0977639
126910 0.0964202
126911 0.0968776
126912 0.0961942
126913 0.0951165
126914 0.0967047
126915 0.0961277
126923 0.0966753
126925 0.096744
126926 0.0973293
126929 0.0989203
126931 0.0958412
126932 0.0976333
126933 0.0969661
126934 0.0972038
126936 0.0974632
126956 0.0785226
126957 0.0750406
126958 0.0821746
126992 0.0935086
126994 0.0951986
126995 0.103634
126996 0.0933103
126997 0.102706
126998 0.109431
126999 0.0986897
127000 0.103402
127001 0.105277
127002 0.104732
127003 0.102879
127004 0.104064
127006 0.102698
127017 0.102359
127022 0.0983978
127023 0.0911622
127024 0.10656
127025 0.10176
127026 0.104363
127028 0.0976817
127029 0.0601819
127031 0.0970195
127032 0.0984636
127033 0.101358
127034 0.100786
127059 0.0951032
127061 0.0970071
127062 0.0949323
127064 0.0994196
127065 0.0954739
127066 0.0971525
127067 0.0968239
127068 0.100723
127070 0.0969864
127071 0.0968418
127072 0.0971892
127073 0.0980439
127074 0.0989821
127097 0.0949482
127099 0.0932241
127107 0.0957304
127108 0.0944149
127110 0.0958755
127111 0.0949102
127112 0.100083
127113 0.0973798
127114 0.0957597
127115 0.0939072
127116 0.0950623
127135 0.0958222
127136 0.103251
127138 0.0928971
127139 0.101254
127140 0.0962618
127141 0.100837
127180 0.217061
127181 0.132403
127182 0.106484
127185 0.109803
127186 0.111095
127187 0.102259
127188 0.105543
127190 0.100685
127191 0.103897
127193 0.0998696
127195 0.101146
127196 0.1034
127197 0.104715
127198 0.103457
127199 0.102435
127206 0.0948353
127213 0.0964331
127214 0.100099
127215 0.101167
127217 0.0945675
127218 0.0997678
127219 0.0979121
127221 0.0961646
127222 0.0963352
127224 0.0933663
127228 0.0932848
127229 0.0964765
127231 0.0989597
127234 0.0962674
127235 0.0992545
127237 0.0964341
127238 0.0920947
127240 0.0958133
127241 0.0929263
127247 0.0966277
127249 0.0966554
127250 0.0950188
127251 0.100747
127254 0.0985746
127257 0.100363
127261 0.0997454
127262 0.1009
127263 0.0972344
127264 0.101219
127266 0.1002
127267 0.102674
127268 0.1017
127269 0.101782
127270 0.101754
127271 0.101065
127272 0.100981
127273 0.100067
127278 0.098726
127279 0.099467
127280 0.0984177
127283 0.0993522
127285 0.101253
127287 0.0983609
127289 0.0995438
127290 0.0976774
127291 0.0991273
127294 0.0973793
127295 0.0994618
127296 0.096881
127297 0.0998557
127304 0.0999448
127306 0.0986513
127307 0.0988792
127308 0.0993626
127312 0.0987612
127314 0.0985922
127315 0.0981539
127317 0.0982612
127318 0.0962491
127319 0.0991826
127320 0.0984236
127321 0.10346
127322 0.0996693
127325 0.0996245
127327 0.100089
127328 0.10051
127329 0.0988929
127330 0.0983384
127417 0.0927498
127418 0.0928913
127419 0.0953416
127420 0.0989201
127421 0.0964348
127422 0.0979059
127423 0.0985503
127424 0.100636
127425 0.0952828
127442 0.0972573
127443 0.100434
127444 0.096009
127459 0.0969396
127460 0.0998661
127461 0.0992566
127462 0.0982935
127465 0.143998
127467 0.142583
127472 0.119375
127473 0.116375
127477 0.118622
127478 0.118341
127479 0.117382
127481 0.116901
127482 0.116964
127483 0.117405
127488 0.114629
127489 0.119884
127492 0.117554
127493 0.116706
127498 0.0978961
127499 0.0983173
127501 0.0975045
127502 0.0978452
127503 0.0992827
127504 0.0966918
127506 0.0984094
127507 0.0980476
127508 0.0987899
127509 0.0991242
127510 0.0989922
127512 0.0968182
127513 0.0984656
127518 0.09802
127521 0.0990222
127523 0.0976938
127524 0.0979672
127525 0.0976498
127527 0.0981171
127531 0.0971938
127532 0.0972057
127534 0.0984527
127535 0.0978619
127536 0.0976436
127537 0.0980467
127538 0.0975136
127539 0.0973066
127540 0.0976875
127542 0.0980982
127544 0.0977674
127545 0.0988966
127588 0.098063
127589 0.0987691
127592 0.0982311
127594 0.0986231
127598 0.0955177
127600 0.0970231
127601 0.0980726
127602 0.0938379
127603 0.0954035
127606 0.0949955
127610 0.100277
127611 0.0979875
127612 0.0999246
127613 0.0985403
127615 0.0973344
127619 0.0957835
127620 0.0988635
127621 0.095078
127622 0.0947806
127623 0.0973159
127625 0.0937283
127626 0.0933652
127627 0.0976602
127630 0.097681
127631 0.0962216
127635 0.0943123
127637 0.095042
127638 0.0972368
127641 0.0951839
127642 0.0931051
127643 0.0922384
127644 0.0941902
127645 0.0964514
127646 0.0961147
127647 0.0962051
127650 0.0989627
127651 0.0944531
127652 0.0950063
127654 0.0958435
127657 0.0959077
127659 0.0973717
127661 0.0944954
127662 0.0966426
127663 0.0968867
127664 0.0959577
127667 0.096306
127668 0.0963472
127670 0.096344
127673 0.0963524
127677 0.0961948
127678 0.0958182
127680 0.0978451
127681 0.096141
127682 0.0985454
127683 0.0982612
127684 0.0963491
127685 0.0984887
127690 0.0975354
127691 0.0943828
127692 0.0962616
127694 0.0947019
127695 0.0976754
127698 0.0982684
127700 0.0963063
127701 0.0951813
127702 0.0960836
127703 0.0962006
127704 0.0944896
127710 0.0949623
127711 0.0928982
127712 0.0929181
127721 0.0954313
127722 0.0950194
127723 0.0937512
127725 0.0928624
127729 0.118777
127731 0.128917
127735 0.120734
127737 0.124668
127739 0.126588
127740 0.117283
127761 0.101358
127762 0.100299
127764 0.099355
127765 0.0982673
127766 0.0962548
127767 0.0988643
127768 0.100886
127769 0.0973772
127770 0.0967083
127791 0.094348
127793 0.0918149
127794 0.0970207
127795 0.0989911
127796 0.0979429
127797 0.0979093
127798 0.0993518
127799 0.102528
127800 0.0987901
127802 0.0967125
127803 0.0942485
127804 0.0966988
127805 0.0969673
127806 0.0948043
127807 0.0992055
127809 0.0971478
127810 0.100574
127813 0.0969124
127814 0.0948186
127815 0.0983991
127818 0.097126
127819 0.0976263
127820 0.0994593
127822 0.0970816
127826 0.0931394
127828 0.0959514
127830 0.0986493
127831 0.0957222
127832 0.0979534
127833 0.0961106
127834 0.0955003
127835 0.0960813
127837 0.0954567
127838 0.0942793
127839 0.0968114
127840 0.0943942
127841 0.0948587
127842 0.0954553
127843 0.0983369
127844 0.0978982
127845 0.0946527
127846 0.0972332
127856 0.0981816
127858 0.0973799
127859 0.0987183
127861 0.099644
127863 0.0997128
127864 0.0991672
127865 0.100602
127866 0.0983713
127867 0.0999803
127870 0.0984491
127874 0.0979595
127877 0.0975451
127880 0.097455
127884 0.0986552
127885 0.0977346
127886 0.101662
127889 0.097015
127891 0.0985248
127892 0.0990536
127893 0.101092
127894 0.100811
127895 0.100949
127897 0.0990954
127902 0.12043
127904 0.118477
127905 0.11451
127924 0.100619
127925 0.0978787
127927 0.0981523
127928 0.0960202
127931 0.0986566
127932 0.0990546
127933 0.0954364
127951 0.097094
127955 0.0923167
127958 0.0963497
127959 0.0984747
127961 0.102654
127962 0.10081
127963 0.100143
127967 0.100589
127968 0.0992589
127969 0.101826
127970 0.101096
127971 0.101719
127981 0.100189
127984 0.102622
127986 0.100029
127989 0.102875
127990 0.100547
127991 0.100161
127992 0.101481
127994 0.102347
127995 0.101467
127996 0.100789
127997 0.101879
127998 0.0983413
127999 0.101214
128000 0.101075
128001 0.0984813
128003 0.100773
128004 0.10035
128005 0.0995304
128006 0.0951399
128007 0.101057
128008 0.0993852
128009 0.100356
128010 0.101146
128011 0.102956
128012 0.0993446
128017 0.0995364
128019 0.101988
128020 0.101049
128021 0.100794
128022 0.108013
128024 0.0962001
128025 0.0980632
128029 0.0968686
128030 0.101454
128031 0.101242
128032 0.0990188
128035 0.101802
128036 0.100151
128040 0.101989
128043 0.0983669
128044 0.101678
128046 0.0987152
128050 0.101595
128052 0.097551
128054 0.100454
128055 0.0986627
128056 0.0996807
128063 0.101564
128064 0.099691
128065 0.100424
128068 0.117165
128069 0.125305
128086 0.0983457
128101 0.0968694
128105 0.097434
128106 0.0994856
128109 0.0926853
128111 0.0986424
128115 0.0961647
128116 0.0980534
128117 0.0947569
128121 0.100011
128122 0.0987904
128123 0.0976288
128124 0.0954632
128125 0.0964863
128128 0.0958358
128130 0.0934125
128131 0.096227
128132 0.0979133
128133 0.0959738
128134 0.0942748
128135 0.0936395
128137 0.0953163
128138 0.0934587
128141 0.0970134
128144 0.0924291
128145 0.0947859
128146 0.0943805
128147 0.0958694
128148 0.0955208
128149 0.0917482
128150 0.0964906
128152 0.0977371
128153 0.0959553
128154 0.0937184
128155 0.0984559
128157 0.097846
128158 0.0972609
128160 0.0978514
128163 0.0965603
128169 0.0967151
128170 0.0971722
128171 0.0975028
128172 0.0958123
128173 0.0947224
128176 0.0985159
128177 0.0964826
128178 0.0983524
128179 0.0966378
128180 0.0972243
128181 0.097661
128182 0.0956566
128185 0.09838
128186 0.0991425
128187 0.0967877
128188 0.0956853
128189 0.100376
128190 0.0977423
128194 0.096798
128195 0.0935616
128197 0.0971701
128198 0.0959335
128199 0.0957028
128200 0.0968249
128201 0.0974549
128202 0.0974594
128204 0.0974096
128208 0.095845
128210 0.0980304
128211 0.0980594
128212 0.0976558
128213 0.0978622
128214 0.0971794
128215 0.0977409
128217 0.0974132
128220 0.098606
128223 0.0964408
128238 0.0987516
128260 0.0939793
128263 0.103029
128264 0.0911605
128265 0.102486
128266 0.107198
128268 0.106247
128285 0.105885
128288 0.104422
128289 0.108261
128290 0.102012
128291 0.102747
128293 0.105428
128294 0.102938
128295 0.10618
128297 0.105787
128298 0.105648
128303 0.101055
128305 0.100229
128306 0.100252
128307 0.0996038
128309 0.0970001
128310 0.0993082
128312 0.104146
128313 0.101375
128314 0.100448
128315 0.100972
128316 0.101174
128326 0.102224
128327 0.100205
128341 0.0989943
128348 0.0989587
128350 0.0992171
128351 0.0978021
128354 0.100645
128356 0.0993798
128357 0.0988289
128360 0.0994665
128362 0.0977663
128363 0.0988892
128364 0.100152
128365 0.0992522
128366 0.0989867
128369 0.0968634
128372 0.0987031
128373 0.0975187
128376 0.101131
128377 0.101118
128378 0.099158
128379 0.0978973
128380 0.0999964
128382 0.0994874
128383 0.0998684
128387 0.100217
128389 0.0994347
128391 0.0983815
128392 0.0992142
128393 0.0994825
128394 0.100227
128395 0.0998644
128396 0.10037
128397 0.100517
128399 0.0995092
128400 0.0996305
128401 0.0993469
128760 0.0985841
128766 0.0971824
128768 0.0955804
128770 0.0953278
128771 0.0972016
128775 0.0962734
128777 0.0967457
128780 0.0994704
128782 0.100113
128787 0.0984774
128788 0.0990879
128789 0.100008
128790 0.0989651
128792 0.0991902
128793 0.0977941
128797 0.098671
128798 0.101545
128800 0.0981325
128809 0.0985727
128812 0.0971983
128813 0.0991554
128815 0.0989908
128818 0.0996355
128820 0.0995234
128821 0.100054
128824 0.0984478
128828 0.0972316
128831 0.0966206
128832 0.0960558
128833 0.0963362
128834 0.0973547
128837 0.0975205
128840 0.0978225
128841 0.0976398
128842 0.0969675
128846 0.0961712
128849 0.0913673
128852 0.0975815
128856 0.0963405
128857 0.0928058
128860 0.0961296
128863 0.0955303
128866 0.0955849
128868 0.0937137
128869 0.0963856
128870 0.0998511
128871 0.0971239
128872 0.0924197
128916 0.100734
128917 0.102032
128918 0.0997463
128919 0.0990135
128931 0.0957242
128932 0.0986948
128934 0.0975949
128938 0.0990462
128939 0.0994873
128941 0.096937
128942 0.0985792
128944 0.0997824
128945 0.0976344
128949 0.0997601
128950 0.0975921
128951 0.098218
128952 0.0978083
128953 0.0977707
128954 0.0985615
128955 0.100709
128957 0.100013
128958 0.0983922
128963 0.0984713
128964 0.0981331
128965 0.0993531
128966 0.0983013
128968 0.0982472
128971 0.0985118
128972 0.098111
128973 0.0992067
128974 0.0998491
128975 0.0978964
128981 0.0995393
128985 0.0996164
128986 0.099495
128987 0.0982681
128991 0.0969353
128992 0.0976101
128994 0.0994947
128998 0.099238
129000 0.103197
129002 0.100442
129004 0.10173
129006 0.101922
129012 0.102537
129015 0.101936
129016 0.101406
129018 0.101631
129019 0.100135
129020 0.101776
129021 0.101698
129023 0.100925
129025 0.100698
129026 0.100245
129027 0.101648
129028 0.10203
129029 0.101505
129030 0.10149
129031 0.102815
129032 0.102265
129033 0.0981554
129034 0.0997315
129037 0.0986623
129041 0.0988385
129042 0.098703
129044 0.0989303
129047 0.0979318
129048 0.0984062
129050 0.0973082
129052 0.0940845
129053 0.0992502
129054 0.0997801
129055 0.0990124
129056 0.0981396
129058 0.0996739
129059 0.098654
129062 0.0995958
129063 0.093385
129065 0.0942124
129066 0.0960587
129068 0.0942839
129069 0.0925885
129070 0.0940343
129071 0.0948563
129072 0.0929469
129073 0.0939241
129080 0.0961756
129146 0.0997634
129147 0.0989799
129148 0.0986107
129149 0.0998163
129150 0.0980008
129156 0.101083
129157 0.0998378
129158 0.0988512
129159 0.0999404
129160 0.0992383
129162 0.101314
129163 0.0993596
129167 0.100351
129168 0.0990715
129169 0.0994144
129170 0.0990498
129171 0.0999297
129172 0.103234
129173 0.101409
129174 0.100201
129178 0.101952
129179 0.0989507
129180 0.0982772
129181 0.0991318
129183 0.100227
129185 0.100413
129186 0.0992538
129189 0.100523
129191 0.0976838
129192 0.0993102
129193 0.0994215
129194 0.10178
129195 0.0988709
129196 0.101955
129197 0.101644
129200 0.099558
129202 0.0987596
129203 0.099927
129204 0.0996247
129205 0.0994138
129207 0.101302
129208 0.0999305
129219 0.101299
129221 0.091079
129519 0.0958963
129521 0.091891
129522 0.0911456
129524 0.0976451
129526 0.0950647
129527 0.0974828
129529 0.0979836
129531 0.0937467
129535 0.0972121
129536 0.098236
129538 0.0978973
129539 0.0984925
129540 0.0986536
129541 0.100112
129545 0.0980976
129549 0.0986502
129550 0.0983754
129551 0.0995207
129552 0.0979101
129553 0.0954514
129564 0.0985819
129566 0.0989621
129567 0.0975141
129568 0.0980459
129572 0.0988388
129573 0.0968793
129574 0.100197
129575 0.0984074
129576 0.097987
129579 0.0995193
129580 0.0963138
129582 0.0989201
129591 0.100194
129607 0.0981518
129611 0.0988294
129617 0.100015
129618 0.0994814
129619 0.0984106
129620 0.0985514
129623 0.0998141
129626 0.0977445
129629 0.0977094
129630 0.0991023
129631 0.0979732
129632 0.0994223
129633 0.0979688
129635 0.0992186
129637 0.100009
129638 0.100603
129641 0.0984675
129643 0.0997731
129644 0.0988321
129645 0.0971504
129646 0.0991473
129648 0.0995522
129649 0.098343
129651 0.0982692
129652 0.0967112
129653 0.0976704
129655 0.0983951
129656 0.097883
129659 0.0996296
129660 0.0982316
129672 0.0979226
129673 0.0941302
129674 0.0972099
129675 0.0943847
129676 0.0910699
129678 0.0928208
129680 0.0955561
129681 0.0897521
129685 0.0958082
129687 0.0942
129689 0.095026
129691 0.0910838
129692 0.0966451
129693 0.0976589
129707 0.0980608
129708 0.0948653
129709 0.0978504
129710 0.0955233
129711 0.0928206
129712 0.096291
129713 0.0969329
129714 0.0958142
129715 0.0953567
129716 0.0959055
129719 0.0926623
129723 0.096161
129724 0.0957497
129728 0.0959897
129730 0.0972947
129731 0.0994419
129732 0.0987452
129733 0.0998301
129734 0.0992761
129737 0.0989188
129738 0.098778
129739 0.0991198
129740 0.100259
129741 0.0973458
129742 0.098208
129743 0.0985568
129752 0.0984668
129753 0.100514
129754 0.0976181
129756 0.117254
129757 0.0991111
129758 0.100905
129760 0.0984667
129761 0.0984148
129762 0.0986767
129763 0.096898
129764 0.0992095
129768 0.097691
129769 0.0982575
129771 0.099181
129772 0.0989652
129773 0.0986383
129774 0.0991252
129775 0.0988084
129778 0.0984597
129780 0.0983118
129781 0.0986323
129783 0.0976728
129784 0.0980205
129786 0.0977067
129787 0.0983733
129788 0.099386
129789 0.0997457
129790 0.0982473
129791 0.0978613
129792 0.0980373
129795 0.097969
129796 0.0969378
129797 0.0976044
129798 0.0974725
129799 0.0979802
129800 0.0973101
129803 0.0973974
129804 0.0983326
129805 0.0987816
129806 0.0985615
129808 0.101739
129809 0.0987724
129811 0.0998625
129812 0.0996657
129813 0.101309
129814 0.100374
129817 0.100476
129818 0.0995266
129819 0.100754
129820 0.0992604
129824 0.0967795
129831 0.0984428
129833 0.0985331
129834 0.098187
129835 0.0979755
129836 0.0981388
129837 0.0990831
129841 0.0986991
129844 0.0948968
129845 0.0935207
129847 0.0960355
129848 0.095829
129849 0.0930671
129850 0.096604
129851 0.0922796
129852 0.0946826
129853 0.0949923
129855 0.0955679
129857 0.0967765
129860 0.0948534
129861 0.095144
129863 0.0947205
129864 0.0947733
129865 0.0958391
130199 0.0976549
130200 0.096448
130203 0.0976422
130204 0.0989155
130205 0.0972
130206 0.0988925
130207 0.0986615
130209 0.0995996
130210 0.0969315
130245 0.10071
130247 0.091541
130248 0.0995094
130249 0.0969077
130250 0.0982484
130251 0.0973506
130252 0.0955512
130254 0.0961448
130255 0.09806
130259 0.0960191
130264 0.100069
130265 0.100649
130266 0.100581
130268 0.100733
130271 0.0980518
130272 0.0951825
130275 0.0976556
130276 0.0969697
130278 0.0965998
130284 0.101515
130286 0.0999078
130287 0.101708
130289 0.101633
130290 0.100413
130293 0.101065
130303 0.099214
130306 0.0991862
130307 0.0979123
130308 0.100041
130310 0.0991493
130312 0.101587
130315 0.101296
130316 0.103899
130317 0.0988208
130318 0.0971062
130319 0.098767
130320 0.0983784
130324 0.0988522
130328 0.0982649
130329 0.0982874
130332 0.0985306
130335 0.0983649
130338 0.100673
130339 0.0995905
130343 0.0991751
130346 0.0986618
130347 0.0991075
130348 0.0968594
130350 0.0984099
130351 0.0970746
130352 0.0989229
130355 0.0981575
130357 0.0976837
130358 0.0985895
130359 0.098041
130360 0.0995216
130364 0.100504
130366 0.0979517
130367 0.0951704
130369 0.0984588
130372 0.0993212
130374 0.100111
130375 0.0985981
130379 0.0981526
130384 0.0999819
130386 0.100647
130387 0.0994327
130389 0.0986705
130391 0.09774
130392 0.0988961
130394 0.0979142
130395 0.0978657
130398 0.0984353
130399 0.0977402
130400 0.0978879
130401 0.0989585
130402 0.0979775
130403 0.0985535
130404 0.0935166
130405 0.0985178
130406 0.098043
130408 0.09823
130409 0.0983892
130420 0.0937448
130421 0.0989202
130423 0.0982221
130424 0.0961746
130425 0.0939307
130426 0.0954805
130427 0.0938713
130429 0.0968555
130460 0.0949343
130461 0.0992423
130462 0.095557
130463 0.0979889
130464 0.0975713
130467 0.0968174
130469 0.0979621
130470 0.0985781
130472 0.100909
130473 0.0996717
130474 0.0972302
130475 0.100813
130476 0.0989705
130478 0.100325
130482 0.0995739
130484 0.0988865
130485 0.0997489
130486 0.0997195
130488 0.101236
130489 0.0993882
130490 0.0984981
130491 0.0997666
130492 0.0998876
130494 0.100296
130495 0.099756
130497 0.0997153
130500 0.0997126
130501 0.100844
130502 0.100511
130503 0.100155
130505 0.100387
130506 0.0995777
130507 0.0997231
130508 0.100004
130509 0.100596
130511 0.0993816
130512 0.0993192
130514 0.0996628
130515 0.0993848
130517 0.100909
130518 0.0991954
130521 0.0999406
130523 0.0996068
130525 0.0997159
130527 0.0983368
130529 0.0987829
130530 0.0994691
130531 0.0983174
130533 0.0987396
130535 0.0984488
130536 0.099567
130537 0.0990329
130541 0.0986236
130542 0.0989381
130543 0.0981524
130546 0.0997484
130547 0.0990619
130548 0.097957
130554 0.0996406
130556 0.101387
130557 0.0991636
130559 0.1005
130561 0.10127
130562 0.0995384
130564 0.100415
130567 0.099255
130569 0.098718
130572 0.0994982
130573 0.100741
130586 0.0988683
130588 0.0989616
130590 0.100208
130591 0.0996391
130593 0.0979548
130595 0.098502
130597 0.0992352
130600 0.0978109
130602 0.0964892
130604 0.100185
130605 0.0987613
130606 0.0982577
130607 0.0986358
130609 0.098141
130610 0.0989782
130611 0.0989928
130614 0.0946064
130616 0.0938682
130626 0.0973325
130628 0.097689
130629 0.0973098
130630 0.0932962
