121339 5.66934
121340 5.83297
121343 5.9134
121344 5.70278
121346 5.87297
121347 5.7304
121348 6.53664
121349 5.80764
121361 5.84356
121362 5.77796
121365 5.91063
121369 5.80175
121370 5.8036
121373 5.8945
121374 5.86969
121375 5.85796
121378 5.78831
121379 5.96465
121381 5.9194
121382 5.91308
121384 5.83783
121385 5.9179
121387 5.87336
121390 5.76071
121391 5.85216
121394 5.82181
121395 5.81581
121396 5.72875
121397 5.73541
121398 5.84577
121399 5.74129
121400 5.8937
121401 5.82542
121402 5.85902
121406 5.92253
121407 5.8398
121408 5.81512
121409 5.81368
121414 6.78076
121416 5.89729
121418 5.85758
121419 5.8141
121420 5.87912
121421 5.92519
121422 5.80644
121424 5.78963
121425 5.90416
121426 5.93902
121427 5.83342
121428 5.77759
121429 5.89242
121430 5.99287
121432 5.82826
121433 5.90418
121434 5.9615
121435 5.86628
121436 6.01543
121437 5.94669
121441 6.03118
121442 6.03208
121446 5.96042
121448 5.94841
121449 5.92974
121454 5.88283
121456 5.96102
121458 5.92968
121459 5.85887
121474 5.90041
121476 6.02105
121477 6.01432
121479 6.02219
121480 5.92505
121519 5.76774
121523 5.90226
121525 6.02357
121526 5.82312
121527 5.88417
121528 5.82086
121529 5.79916
121530 5.85411
121531 5.99919
121534 5.91167
121535 5.8712
121536 5.83824
121539 5.90724
121540 5.90357
121542 5.81051
121543 6.04537
121544 5.93906
121545 5.90924
121547 5.86919
121548 5.95277
121549 5.89235
121550 5.84964
121551 6.01173
121552 5.92386
121553 6.02048
121554 5.96627
121555 5.93885
121556 5.96331
121557 5.99405
121558 5.93242
121559 6.04307
121560 6.08617
121561 6.01401
121563 6.0233
121565 6.08833
121567 6.00825
121568 6.00538
121569 6.03706
121574 6.12856
121576 5.61486
121579 5.93396
121580 5.72941
121581 5.65654
121582 5.82334
121585 5.62307
121588 5.7426
121590 5.62819
121592 5.65855
121593 5.51017
121595 5.63489
121608 5.57352
121609 5.68025
121623 5.67947
121624 5.71059
121626 5.95458
121628 5.97619
121631 5.99983
121633 6.05268
121636 5.96199
121637 5.96134
121638 5.90782
121639 6.12208
121640 5.9489
121641 5.89938
121649 6.03607
121650 5.92359
121651 5.96015
121652 5.86593
121653 5.90456
121656 5.90407
121678 6.00678
121681 5.99996
121683 5.95242
121684 5.93268
121687 5.98983
121688 6.01134
121689 5.98544
121694 6.01038
121698 5.89638
121704 6.04737
121705 6.07319
121706 6.08316
121707 5.96173
121708 5.97892
121710 6.0897
121711 6.07493
121713 5.99859
121714 6.00857
121715 6.09547
121716 5.94075
121718 6.00467
121721 6.01682
121722 6.05269
121723 5.98687
121724 6.00827
121725 6.08395
121727 6.09477
121728 5.96941
121729 5.9656
121732 5.98236
121734 6.06638
121748 6.0224
121750 5.97769
121751 6.06781
121752 5.90133
121753 6.01661
121754 6.00642
121756 6.11736
121758 6.1491
121760 6.05731
121764 5.97466
121765 6.10269
121766 5.99906
121767 6.05694
121768 6.00138
121769 5.62057
121771 5.57669
121772 5.59438
121774 5.76895
121778 5.59499
121779 5.64411
121780 5.66577
121781 5.64855
121783 5.97231
121784 6.09627
121785 5.90459
121787 5.98894
121788 5.94573
121789 5.96699
121790 5.94268
121792 5.82652
121794 5.88684
121795 5.91719
121799 5.8529
121800 5.88264
121801 5.8843
121802 5.90628
121803 5.88738
121804 5.95217
121808 5.95853
121811 5.85988
121812 5.998
121813 5.94658
121814 5.91969
121815 5.99823
121816 5.92982
121817 5.94583
121819 5.91783
121820 5.85184
121822 5.90234
121823 6.00235
121824 5.90614
121826 5.89506
121827 5.84121
121841 6.11362
121842 6.01856
121843 5.99878
121844 6.01957
121846 6.01144
121847 5.93114
121868 5.97816
121869 5.93557
121870 5.88104
121872 5.90591
121873 5.9854
121874 5.98237
121875 5.98886
121876 6.05304
121877 6.00552
121884 6.01283
121885 6.07525
121887 5.73878
121889 5.671
121890 5.85169
121892 5.75356
121897 5.81219
121898 5.93198
121899 5.7502
121901 5.72083
121902 6.10761
121903 5.56553
121904 5.56215
121905 5.57767
121906 5.62572
121911 5.58223
121912 5.55797
121914 5.75231
121915 5.58209
121916 6.05008
121917 5.88396
121918 5.87665
121920 5.88359
121924 5.87313
121925 5.99684
121926 5.92899
121927 5.89378
121928 6.24385
121929 6.26757
121930 5.89822
121932 5.88295
121933 5.88715
121936 5.92827
121939 5.87215
121940 5.84056
121943 5.86174
121944 6.07657
121946 6.05195
121948 5.8479
121949 5.90308
121950 5.87936
121951 5.96029
121952 5.94172
121953 6.3682
121954 6.03984
121962 5.91294
121963 5.97267
121965 5.92411
121966 5.93243
121967 5.80309
121968 6.07152
121969 6.7905
121970 5.99288
121972 5.91137
121973 6.0103
121974 5.99037
121975 5.91391
121976 5.97394
121985 5.97659
121986 6.10744
121987 6.03754
121989 6.00831
121992 5.98171
121994 6.01691
121995 6.04915
121996 5.97876
121997 5.97041
121999 6.06294
122001 5.87664
122003 6.04741
122006 6.04854
122007 6.00444
122064 5.33176
122066 5.73553
122069 5.69547
122070 5.75925
122071 5.74178
122072 5.58927
122073 5.9575
122074 5.79661
122076 5.9578
122077 5.9707
122079 6.031
122080 5.73101
122081 5.67302
122083 5.71892
122085 5.68886
122089 5.55019
122091 5.72515
122092 6.14772
122093 6.18814
122094 6.17916
122097 6.11844
122098 6.05722
122099 6.06151
122101 6.0981
122102 6.13602
122105 6.10302
122108 5.9537
122109 6.00929
122111 6.00425
122112 5.96725
122114 5.98155
122116 6.07191
122117 5.96439
122118 5.96877
122123 6.02692
122124 6.02518
122125 6.03153
122126 6.01033
122127 5.9532
122129 6.03198
122132 6.01071
122133 6.03435
122134 5.93053
122136 6.02071
122137 6.07566
122138 6.03474
122139 5.98558
122141 5.99883
122142 5.93804
122143 6.01232
122146 6.01315
122147 5.9875
122148 6.01455
122152 5.98474
122153 5.97027
122154 6.08812
122156 6.10747
122158 5.91987
122159 6.03546
122160 6.02856
122164 5.98513
122166 6.11446
122167 5.98604
122168 6.05564
122169 5.98824
122170 6.05806
122172 6.03041
122173 6.08009
122174 6.03714
122176 6.12995
122178 6.10909
122245 6.01076
122246 5.9433
122247 5.61031
122249 5.58717
122251 5.69132
122252 5.65788
122253 5.67864
122256 6.67
122263 5.97914
122264 5.56874
122268 5.55977
122269 5.48181
122272 5.67737
122273 5.51004
122274 6.02561
122275 5.95239
122276 5.81282
122277 5.87164
122278 5.85729
122279 5.93466
122280 5.87784
122281 5.92384
122283 5.97833
122285 5.87364
122286 5.9405
122287 5.90197
122288 5.91828
122289 5.87536
122291 5.91079
122292 5.82143
122293 5.95971
122294 5.89336
122296 5.81763
122297 5.78431
122298 5.8352
122300 5.87439
122301 5.94628
122305 5.94683
122306 5.90048
122307 5.96819
122309 5.91209
122310 5.9743
122312 5.9582
122313 6.08924
122314 6.03852
122315 5.99198
122317 6.00427
122319 6.04339
122321 5.99745
122322 5.97894
122323 6.00569
122326 6.05816
122330 6.00741
122331 6.06961
122335 5.62576
122336 6.10854
122339 6.1208
122341 6.13459
122342 6.11013
122344 6.33699
122345 6.12382
122347 6.05025
122349 5.99245
122350 6.02723
122351 5.88567
122352 6.20818
122353 6.07304
122354 5.9282
122356 6.05101
122357 6.05123
122360 6.04112
122363 5.93179
122365 5.92259
122366 5.97026
122369 5.91079
122409 5.88992
122410 5.65983
122411 5.52773
122412 5.32128
122413 5.52913
122414 5.58899
122415 5.79852
122416 5.62561
122418 5.53467
122420 5.57132
122422 5.63883
122423 5.55077
122424 5.49277
122425 5.56781
122426 5.60384
122427 5.47303
122428 5.47612
122429 5.5802
122430 5.58594
122432 5.58187
122433 5.69597
122434 5.49226
122437 5.87827
122438 5.95698
122439 5.86599
122440 5.91569
122443 5.90095
122445 5.9124
122447 5.91767
122448 6.03759
122449 5.9683
122450 5.95241
122452 5.95773
122453 5.92794
122454 6.02862
122455 5.96502
122461 5.99258
122462 6.16096
122463 5.98344
122464 6.01318
122465 5.97004
122466 5.93418
122467 6.02405
122468 6.04437
122469 5.87391
122471 5.93305
122472 5.9322
122473 5.90152
122480 5.94154
122484 5.97413
122485 5.98149
122486 5.89814
122487 5.9147
122488 5.83663
122489 5.87533
122492 6.03269
122493 5.86133
122496 5.78496
122497 5.89003
122498 5.77061
122500 5.87734
122501 5.82173
122502 5.79295
122503 5.91264
122505 5.93653
122507 5.87596
122508 5.82304
122509 5.81563
122510 5.81815
122511 5.84043
122514 5.8656
122519 6.04728
122520 5.85406
122521 6.00169
122524 5.89312
122525 5.83536
122526 5.9623
122527 5.93552
122535 5.90933
122536 5.70381
122537 5.79337
122538 5.8227
122539 5.52653
122540 5.58526
122541 5.52575
122542 5.89548
122545 5.61668
122548 5.54121
122549 5.77209
122550 5.63281
122551 5.63824
122555 5.59168
122556 5.9339
122557 5.63671
122559 5.59028
122560 5.79968
122561 5.57464
122562 5.63309
122563 5.65101
122564 5.79246
122568 5.57686
122569 5.58447
122570 5.54941
122571 5.47433
122572 5.54617
122573 5.52479
122574 5.64392
122575 5.53063
122576 5.85694
122577 5.80441
122579 6.14258
122585 5.62192
122586 5.47069
122587 5.47491
122589 5.52573
122590 5.57308
122593 5.51026
122594 5.46986
122596 5.56332
122599 5.60234
122602 5.39502
122603 5.50376
122604 5.49975
122605 5.41028
122606 5.44873
122608 5.95659
122610 5.89174
122613 5.84123
122614 5.89522
122615 5.83488
122616 5.85404
122618 5.89076
122619 5.82273
122620 5.84469
122623 5.76419
122625 5.86409
122626 5.75279
122628 5.90239
122629 5.74503
122630 5.84397
122631 5.84656
122632 5.88291
122634 5.71669
122640 5.83641
122641 5.82134
122642 5.8001
122643 5.90005
122646 5.88733
122647 5.96035
122648 5.84937
122649 5.85213
122650 5.90666
122652 5.87937
122653 5.79022
122654 5.87937
122657 5.90142
122658 5.91915
122661 5.8502
122665 5.85404
122667 5.78416
122672 5.85069
122673 5.84991
122674 5.8446
122675 5.90088
122676 5.86108
122677 5.85306
122679 5.71704
122681 5.86332
122682 5.9143
122683 5.91167
122684 5.90915
122685 5.89696
122686 5.80935
122687 5.92536
122689 5.7761
122690 5.89703
122691 5.89307
122692 5.89201
122693 5.92387
122695 5.87888
122696 5.88548
122698 5.86739
122699 5.92207
122700 5.93006
122701 5.88992
122702 5.92477
122703 5.92453
122704 5.99119
122705 5.92122
122708 5.97624
122710 6.0018
122711 5.87155
122712 5.95164
122713 5.89246
122714 5.91475
122721 5.95214
122722 5.8982
122726 5.89794
122727 5.88373
122728 6.01667
122729 5.96436
122730 5.96801
122731 5.90359
122733 5.93297
122734 5.96372
122735 5.96164
122736 5.92959
122737 6.0245
122738 5.99115
122739 5.99532
122740 5.93803
122741 5.97777
122743 5.97384
122744 5.96964
122745 6.03323
122746 6.00839
122747 5.99376
122749 6.07973
122751 6.01614
122752 6.01004
122753 6.04402
122754 6.05624
122755 5.97654
122766 5.95424
122767 5.63752
122768 5.71482
122769 5.87445
122770 5.68079
122772 5.61952
122773 5.52404
122776 6.04889
122777 5.71788
122778 5.61906
122779 5.649
122780 5.72235
122781 5.76815
122783 5.62345
122785 5.48985
122786 5.57626
122787 5.55307
122789 5.52074
122796 5.54199
122797 5.6019
122798 5.58316
122799 5.53612
122800 5.56777
122801 5.68118
122802 5.64316
122803 5.58108
122804 5.63291
122805 5.60552
122808 5.37348
122809 5.66356
122810 5.6407
122812 5.8893
122813 5.94397
122815 5.92498
122816 5.89195
122819 5.91669
122820 5.95687
122821 5.88125
122823 5.90422
122824 5.8698
122825 5.90551
122826 5.88245
122827 5.91456
122829 5.88237
122830 5.96073
122831 6.00346
122832 5.94988
122833 5.96685
122835 5.89706
122838 5.95133
122841 5.89707
122842 5.94083
122843 5.9319
122844 5.91365
122845 5.9761
122846 5.91867
122847 5.93768
122852 5.89927
122853 5.92648
122855 5.87661
122856 5.90888
122858 5.90535
122859 5.92539
122860 5.90182
122862 5.92337
122863 5.83423
122866 5.91362
122867 5.91247
122868 5.91647
122869 5.82278
122870 5.85432
122871 5.84324
122873 5.76091
122874 5.86889
122879 5.91961
122880 5.8238
122881 5.82393
122967 5.51378
122986 6.1742
122987 6.16023
122988 6.18179
122990 6.26064
122993 5.75915
122995 5.49042
122996 5.7578
122998 5.54687
122999 5.81141
123001 5.49907
123002 5.76412
123003 5.68738
123004 5.77057
123011 5.49986
123012 5.5501
123013 5.62524
123014 5.72806
123016 5.51559
123018 5.56242
123019 5.49729
123020 5.92404
123021 5.76074
123022 5.90554
123023 5.86569
123024 5.8809
123025 5.89884
123026 5.89527
123027 5.79161
123028 5.93015
123029 5.90047
123034 5.85401
123035 6.00548
123036 5.82555
123038 5.94778
123039 5.89172
123040 5.78731
123041 5.94229
123042 5.90218
123043 5.947
123044 5.84418
123048 5.91782
123049 5.83201
123050 5.84131
123051 5.88861
123052 5.88062
123054 5.91041
123055 5.88047
123056 5.91165
123058 5.91973
123059 5.89965
123060 5.88829
123062 5.8478
123063 5.89487
123065 5.8523
123066 5.88193
123067 5.85748
123068 5.86039
123070 5.796
123074 5.90748
123077 5.67797
123078 5.97428
123081 5.93245
123083 5.81893
123084 5.91457
123085 5.84508
123087 5.82938
123088 5.84306
123089 5.92587
123090 5.91431
123091 6.70465
123093 5.75034
123097 5.95291
123101 6.01342
123164 5.98637
123165 6.06261
123166 5.96829
123167 5.66747
123168 6.14031
123169 5.75548
123170 5.90253
123172 6.01745
123175 5.89781
123176 5.9584
123178 6.42794
123193 6.1689
123196 6.09979
123197 6.07605
123198 6.00368
123200 5.99243
123201 6.0296
123202 6.18332
123204 5.92933
123205 5.83147
123206 5.92165
123207 5.91479
123209 5.8925
123210 5.96757
123211 5.9369
123213 5.9177
123215 5.941
123218 5.92287
123219 5.90338
123223 5.8929
123224 5.89006
123225 5.91525
123226 5.92977
123227 5.89798
123229 5.90581
123233 5.93931
123237 5.90915
123238 5.92992
123240 5.91968
123243 6.0142
123245 5.97958
123248 5.91611
123250 5.98793
123251 5.99616
123252 5.99692
123253 5.98914
123256 5.99645
123258 5.93236
123259 6.01127
123260 6.00696
123261 5.99638
123262 5.87002
123264 5.96788
123266 5.91565
123267 6.0061
123268 5.94786
123269 5.98817
123270 5.96397
123272 5.82849
123274 5.92359
123275 5.91131
123277 5.92172
123278 5.93622
123279 5.96772
123280 5.9075
123281 6.03523
123285 5.86515
123290 5.94132
123293 5.93409
123294 5.95308
123295 5.88131
123300 5.88849
123301 5.9142
123302 5.92855
123303 5.82048
123304 5.88295
123319 7.22578
123369 4.98982
123370 4.9614
123378 5.0197
123380 5.05671
123382 4.93581
123396 5.47202
123397 5.48039
123400 5.4304
123401 5.44348
123402 5.49181
123403 5.45132
123404 5.47059
123405 5.42126
123409 5.5199
123411 5.42853
123413 5.36113
123414 5.45926
123415 5.51056
123417 5.44599
123418 5.49354
123419 5.45532
123420 5.51313
123421 5.47461
123423 5.42307
123425 5.51036
123426 5.47982
123427 5.51582
123428 5.51654
123429 5.46793
123430 5.50842
123432 5.50442
123433 5.49293
123434 5.54604
123435 5.70798
123436 5.54446
123437 5.49599
123439 5.51162
123440 5.51976
123441 5.52467
123442 5.4697
123445 5.54437
123446 5.5009
123447 5.57872
123450 5.52827
123452 5.53239
123453 5.43461
123455 5.52294
123456 5.57064
123457 5.51136
123459 5.57501
123461 5.52937
123462 5.57045
123463 5.506
123464 5.558
123465 5.54785
123466 5.57317
123468 5.54227
123470 5.52819
123471 5.56895
123472 5.53316
123474 5.56535
123476 5.55086
123477 5.54584
123478 5.55895
123479 5.54599
123480 5.52522
123481 5.55043
123484 5.5317
123488 5.49304
123491 5.51099
123492 5.50124
123493 5.49221
123495 5.51451
123496 5.53335
123497 5.52571
123498 5.58158
123499 5.52447
123500 5.55893
123504 5.54164
123565 4.93487
123566 4.91065
123567 5.03465
123568 4.8881
123569 4.96026
123570 4.99832
123591 4.86213
123592 4.81974
123596 5.54008
123597 5.19069
123598 5.33679
123599 5.27914
123600 5.17533
123601 5.39656
123602 5.43143
123603 5.58481
123604 5.55944
123606 5.34187
123607 5.58904
123608 5.61051
123610 5.57198
123611 5.58861
123612 5.577
123615 5.51131
123616 5.54024
123617 5.55496
123618 5.52082
123619 5.50638
123620 5.50856
123621 5.47204
123623 5.51628
123624 5.50261
123631 5.49592
123632 5.51427
123633 5.46812
123635 5.49207
123636 5.47249
123637 5.39224
123638 5.58211
123639 5.45977
123640 5.42153
123641 5.47572
123643 5.45661
123644 5.45364
123645 5.5458
123646 5.43559
123647 5.50428
123648 5.57363
123650 5.51982
123651 5.56795
123652 5.54071
123653 5.57284
123654 5.54164
123656 5.54825
123658 5.56094
123659 5.56289
123665 5.59714
123670 5.61094
123672 5.58638
123673 5.5834
123674 5.64401
123675 5.60705
123678 5.63215
123679 5.59346
123683 5.54329
123685 5.58536
123686 5.52276
123689 5.53099
123691 5.62006
123692 5.56436
123693 5.53892
123694 5.44249
123695 5.54237
123697 5.56584
123698 5.54902
123699 5.50439
123700 5.54052
123703 5.5476
123704 5.53296
123705 5.56338
123706 5.51911
123707 5.52045
123709 5.51184
123710 5.45865
123714 5.54142
123715 5.5529
123716 5.51933
123717 5.51899
123718 5.49102
123767 5.30766
123768 5.15657
123771 5.10532
123772 4.96503
123773 5.11716
123774 5.02698
123775 5.07501
123781 5.58147
123782 5.05243
123783 5.27744
123784 5.33437
123786 5.44054
123787 5.31822
123789 5.61213
123790 5.57306
123792 5.52712
123793 4.99619
123794 4.96287
123796 5.05766
123800 4.8947
123803 4.95999
123809 5.02456
123810 4.86001
123811 4.9354
123812 4.95652
123813 4.90393
123814 5.03588
123815 4.95275
123816 5.04435
123817 4.90522
123818 5.10395
123820 4.96684
123821 5.49165
123822 5.5298
123823 5.52484
123826 5.42944
123828 5.50531
123829 5.52109
123830 5.47506
123831 5.51421
123832 5.49847
123833 5.54233
123836 5.58725
123837 5.59121
123839 5.54812
123840 5.52058
123841 5.55921
123842 5.6175
123843 5.60812
123844 5.59412
123845 5.59001
123847 5.60554
123849 5.59309
123850 5.60953
123851 5.62463
123852 5.64235
123853 5.63681
123858 5.6157
123859 5.62669
123860 5.59289
123862 5.60313
123863 5.61038
123864 5.56239
123865 5.58279
123866 5.61964
123867 5.60948
123868 5.54762
123869 5.61518
123871 5.58682
123872 5.58139
123873 5.58894
123874 5.56992
123875 5.54168
123876 5.51239
123879 5.52398
123881 5.51407
123882 5.47824
123884 5.48366
123885 5.43467
123886 5.4809
123887 5.45908
123888 5.42064
123890 5.44988
123891 5.44231
123893 5.45979
123907 7.63099
123938 4.90485
123939 4.97303
123941 4.97133
123944 5.11549
123945 4.9764
123951 5.05191
123952 5.03398
123953 5.1128
123955 5.08521
123956 5.00585
123958 5.09218
123959 5.01013
123960 5.16346
123961 5.04471
123962 5.01023
123963 5.62904
123964 5.57058
123965 5.60324
123966 5.45834
123969 5.52577
123970 5.50368
123971 5.54406
123972 5.52762
123973 5.51517
123974 5.54055
123976 5.51497
123977 5.4789
123979 5.47364
123980 5.515
123981 5.51829
123982 5.40628
123984 5.36971
123985 5.37594
123986 5.41347
123987 5.41333
123991 5.39352
123992 5.42525
123993 5.46171
123994 5.36032
123995 5.40696
123996 5.31442
123997 5.4254
123998 5.39825
124000 5.38892
124001 6.11897
124007 5.43453
124008 5.43715
124010 5.51393
124011 5.5134
124012 5.47177
124013 5.5201
124014 5.4953
124016 5.4775
124017 5.51503
124019 5.46855
124020 5.59253
124023 5.54093
124024 5.52971
124025 5.53245
124026 5.52322
124029 5.59606
124031 5.59639
124032 5.54518
124033 5.55343
124034 5.57283
124035 5.58344
124037 5.62216
124038 5.56873
124040 5.59112
124041 5.59841
124080 5.6521
124081 5.22094
124084 5.14961
124085 5.29022
124086 5.30152
124087 5.34467
124089 5.49559
124091 5.4766
124092 5.51297
124102 5.49809
124103 5.18014
124106 5.24335
124107 5.31807
124109 5.22442
124110 5.44389
124111 5.37427
124112 5.49872
124113 4.77199
124114 4.83733
124115 5.00083
124117 4.92211
124121 4.96445
124123 5.07504
124125 4.91176
124126 4.86455
124127 4.92225
124128 4.8927
124129 4.99902
124132 4.78382
124134 4.7458
124137 4.8844
124138 4.91392
124139 4.95905
124140 4.97221
124141 4.87465
124142 5.47423
124144 5.48456
124146 5.47537
124148 5.39477
124149 5.46987
124150 5.50846
124152 5.51655
124153 5.54162
124154 5.51829
124155 5.58836
124156 5.46729
124159 5.52324
124161 5.51888
124162 5.54786
124163 5.54025
124165 5.4544
124166 5.5277
124167 5.5397
124170 5.59275
124171 5.51892
124172 5.52992
124173 5.52115
124174 5.53073
124175 5.55767
124176 5.60099
124177 5.58425
124178 5.55119
124179 5.56661
124181 5.59488
124185 5.54699
124186 5.57209
124187 5.58102
124188 5.59611
124190 5.57724
124192 5.5667
124193 5.57934
124194 5.53599
124195 5.57261
124196 5.58377
124197 5.55562
124200 5.54813
124201 5.57996
124202 5.51346
124205 5.58541
124208 5.52002
124209 5.56288
124210 5.55378
124212 5.56057
124213 5.55792
124214 5.56941
124279 5.52707
124281 5.00037
124282 5.34635
124289 5.01321
124290 5.45831
124291 5.34213
124293 5.5315
124294 5.61343
124296 5.55555
124299 4.9938
124300 5.04971
124301 5.07224
124302 5.01376
124309 5.08911
124311 4.95757
124312 4.94629
124313 5.0302
124314 5.03001
124315 4.98218
124318 5.02467
124319 5.0092
124321 5.05614
124322 5.17463
124323 5.03315
124324 5.16842
124326 5.02477
124327 5.59427
124328 5.65263
124329 5.57513
124330 5.60294
124333 5.62153
124334 5.62577
124335 5.61942
124336 5.60371
124337 5.65655
124338 5.60158
124339 5.68672
124341 5.70736
124343 5.58142
124344 5.59996
124346 5.73209
124347 5.66351
124348 5.63898
124349 5.67158
124350 5.62234
124351 5.63978
124352 5.6404
124353 5.60055
124354 5.57972
124356 5.56327
124359 5.55784
124360 5.53507
124361 5.50993
124374 5.42916
124375 5.46355
124376 5.44703
124377 5.42907
124382 5.44007
124383 5.4581
124384 5.48239
124385 5.45106
124389 5.44669
124391 5.46838
124392 5.5139
124393 5.53855
124394 5.52075
124436 5.58671
124437 5.59611
124440 5.24323
124444 5.27664
124445 5.52271
124448 5.40483
124449 5.39369
124450 5.58743
124451 5.5792
124452 7.05399
124454 6.89155
124456 6.97495
124458 6.92876
124462 6.95738
124464 6.93483
124465 6.83602
124466 6.79086
124467 6.85666
124469 6.92354
124472 7.04761
124473 6.78583
124474 6.79176
124475 6.80961
124477 7.00497
124478 7.03635
124479 7.27
124480 7.25774
124481 5.60089
124482 5.57201
124484 5.57064
124486 5.56308
124490 5.54671
124491 5.567
124492 5.52744
124493 5.52301
124495 5.59371
124496 5.54167
124497 5.61245
124498 5.63741
124499 5.57838
124500 5.57767
124502 5.58922
124505 5.57549
124506 5.53554
124507 5.50577
124508 5.5563
124509 5.49825
124510 5.58218
124513 5.45227
124515 5.45376
124516 5.47316
124517 5.42277
124518 5.43078
124519 5.44128
124522 5.36047
124523 5.46762
124524 5.53357
124525 5.57299
124526 5.49974
124527 5.50808
124530 5.49856
124531 5.511
124532 5.52822
124533 5.5205
124534 5.44309
124535 5.5362
124536 5.44767
124537 5.52896
124538 5.56629
124541 5.51888
124542 5.56129
124543 5.5718
124545 5.54367
124547 5.61075
124548 5.53933
124569 7.46621
124572 6.79407
124573 7.5514
124574 8.04844
124625 5.58213
124626 5.15863
124629 5.30477
124630 5.3495
124632 5.44288
124633 5.21571
124636 5.39947
124639 5.52222
124640 5.61564
124641 5.52124
124643 4.73385
124644 4.896
124645 5.11324
124647 4.9933
124648 4.92959
124650 4.99205
124651 4.91716
124652 4.98136
124655 4.89111
124657 5.00692
124658 4.91342
124659 5.01756
124660 4.9294
124663 4.77589
124665 4.88614
124667 4.90034
124668 4.86333
124671 5.44328
124672 5.46365
124673 5.4404
124674 5.45554
124675 5.42603
124676 5.43912
124677 5.45643
124679 5.50135
124680 5.45397
124681 5.4969
124684 5.47737
124685 5.51536
124687 5.52001
124688 5.47116
124690 5.52705
124691 5.51382
124699 5.47589
124701 5.47041
124702 5.52616
124704 5.49856
124705 5.52996
124706 5.49644
124707 5.54533
124708 5.56877
124709 5.57979
124711 5.6078
124712 5.55023
124713 5.61315
124714 5.61587
124716 5.62781
124718 5.58364
124719 5.60242
124720 5.60821
124721 5.59853
124722 5.57204
124725 5.58964
124726 5.602
124727 5.60816
124728 5.58778
124729 5.5761
124730 5.58975
124731 5.52015
124732 5.56433
124733 5.54362
124734 5.52913
124735 5.54333
124736 5.56705
124747 8.40933
124767 7.33547
124779 5.65624
124780 5.68801
124785 5.301
124786 5.25632
124796 5.39816
124807 5.0187
124808 4.99075
124809 4.9926
124810 4.96999
124812 4.90215
124814 5.04569
124816 4.96249
124820 4.83729
124822 5.40626
124823 5.49179
124824 5.53197
124828 5.44386
124831 5.45182
124836 5.49325
124845 5.54481
124849 5.51611
124851 5.52909
124852 5.5148
124853 5.54623
124855 5.57412
124856 5.55173
124860 5.6104
124861 5.49153
124862 5.51831
124863 5.6468
124864 5.55604
124865 5.54184
124870 5.56737
124871 5.54373
124875 5.51823
124877 5.55104
124878 5.40789
124879 5.51801
124880 5.5123
124881 5.53919
124882 5.49508
124883 5.48397
124884 5.49371
124886 5.5469
124887 5.58181
124888 5.58035
124889 5.55867
124890 5.6059
124892 5.57222
124894 5.62692
124895 5.60026
124896 5.55558
124897 5.57721
124898 5.55306
124899 5.54314
124901 5.55561
124902 5.58542
124903 5.60145
124904 5.52952
124905 5.58703
124906 5.58441
124907 5.58544
124909 5.57677
124912 5.57605
124913 5.5396
124915 5.62201
124917 5.59701
124925 7.08593
124927 6.88644
124930 7.16225
124932 7.10393
124934 7.30215
124935 6.90324
124936 7.3335
124954 5.13336
124960 5.15108
124961 5.04914
124962 5.24729
124963 5.16178
124966 5.08652
124967 5.13676
124968 5.15083
124969 5.03251
124970 5.06517
124971 5.03053
124972 4.98055
124973 5.20288
124974 5.57381
124975 5.52101
124979 5.62887
124981 5.47999
124982 5.57667
124984 5.56123
124986 5.67907
124988 5.53965
124989 5.55018
124992 5.50893
124993 5.54817
124994 5.55162
124995 5.54607
124997 5.55202
124999 5.50317
125000 5.59772
125001 5.54756
125003 5.55425
125004 5.55032
125009 5.50611
125012 5.45482
125015 5.52677
125017 5.54512
125020 5.50806
125021 5.47013
125022 5.49825
125023 5.45984
125025 5.46031
125026 5.44269
125028 5.35899
125029 5.45441
125030 5.47282
125031 5.46404
125032 5.44541
125033 5.4448
125034 5.47754
125036 5.42734
125038 5.51554
125039 5.49772
125040 5.54454
125042 5.45429
125043 5.46472
125048 5.45243
125049 5.51414
125051 5.56415
125054 5.52526
125055 5.50769
125056 5.51394
125057 5.46579
125058 5.53251
125059 5.49816
125061 5.47585
125062 5.52183
125064 5.44029
125065 5.49983
125067 5.51949
125068 5.49992
125070 5.45072
125072 5.53383
125075 5.4218
125076 5.49058
125077 5.46617
125078 5.447
125079 5.47094
125081 5.41508
125082 5.45204
125086 5.43448
125094 7.63023
125095 7.3855
125097 7.27946
125098 7.17869
125119 5.47121
125120 5.17937
125121 5.48202
125122 5.27685
125125 5.33291
125126 5.44569
125127 5.29223
125148 5.63663
125149 5.54421
125151 5.51271
125153 5.55456
125154 5.53249
125155 5.61191
125158 5.2331
125159 5.05046
125160 5.00483
125163 5.18916
125166 4.90478
125168 5.13396
125169 5.01838
125170 5.09932
125171 4.9289
125175 5.08839
125176 5.12337
125177 4.98958
125178 5.08041
125179 5.66821
125181 5.57797
125183 5.56649
125184 5.58556
125187 5.6167
125188 5.59745
125189 5.61872
125190 5.63661
125191 5.54452
125192 5.53427
125193 5.60157
125194 5.52808
125196 5.6021
125197 5.54257
125198 5.57699
125199 5.59004
125200 5.58043
125201 5.62552
125202 5.65859
125205 5.63013
125206 5.61744
125207 5.59773
125209 5.50944
125211 5.60323
125212 5.64638
125213 5.62853
125214 5.61061
125215 5.61748
125217 5.64364
125222 5.64584
125224 5.62867
125225 5.65418
125226 5.66201
125227 5.63085
125228 5.62122
125229 5.60713
125231 5.60881
125232 5.48858
125233 5.57455
125234 5.56581
125236 5.56575
125237 5.60785
125238 5.62431
125239 5.56171
125243 5.57602
125245 5.6018
125246 5.54076
125247 5.61919
125249 5.59974
125251 5.60809
125254 5.59973
125255 5.30194
125256 5.34725
125257 5.09945
125259 5.45488
125260 5.22302
125261 5.49442
125262 5.57543
125264 5.48067
125285 5.56488
125286 5.09494
125287 5.36888
125290 5.2014
125291 5.53958
125293 5.44436
125294 5.5113
125295 5.61558
125297 5.02232
125303 5.6384
125305 5.21135
125307 5.48098
125308 5.29818
125309 5.58713
125310 5.44826
125311 5.50973
125312 5.59369
125315 4.98443
125316 5.61183
125317 5.67453
125318 5.62557
125320 5.59217
125325 5.61312
125326 5.57977
125327 5.63541
125329 5.66358
125331 5.60797
125335 5.6266
125337 5.6205
125338 5.57423
125339 5.6217
125340 5.64671
125342 5.59583
125343 5.57602
125344 5.65671
125345 5.6377
125346 5.61451
125347 5.63679
125348 5.73478
125351 5.53719
125353 5.55027
125354 5.56299
125357 5.53717
125358 5.53027
125360 5.53814
125361 5.5863
125362 5.50042
125363 5.509
125364 5.52937
125366 5.56357
125367 5.52675
125368 5.50184
125369 5.49522
125370 5.52877
125371 5.46329
125372 5.52737
125373 5.55054
125375 5.44363
125377 5.47881
125378 5.47006
125380 5.49304
125382 5.52158
125384 5.46678
125389 5.47185
125390 5.50413
125391 5.50675
125392 5.47478
125393 5.47655
125395 5.52124
125396 5.51685
125397 5.50779
125398 5.50596
125399 5.46795
125400 5.47089
125403 5.4568
125404 5.46134
125405 5.4286
125407 5.52718
125408 5.4625
125416 5.44351
126252 5.23307
126253 5.47283
126254 5.22483
126255 5.34367
126256 5.31111
126257 5.25499
126258 5.14871
126259 5.24657
126260 5.25449
126263 5.20071
126265 5.31417
126266 5.30186
126268 5.3397
126273 5.18522
126276 5.62026
126288 5.72973
126290 5.78175
126292 5.67871
126293 5.70581
126294 5.70684
126296 5.82012
126298 5.70916
126299 5.71193
126300 5.73379
126302 5.72369
126304 5.76828
126305 5.75351
126308 5.70322
126309 5.75471
126310 5.74434
126311 5.74939
126314 5.69597
126315 5.73664
126316 5.76005
126318 5.74426
126322 5.73943
126323 5.7607
126325 5.74243
126326 5.76677
126329 5.78913
126341 6.00218
126344 5.87186
126345 5.79303
126347 5.73998
126349 5.79204
126352 5.76828
126353 5.7676
126354 5.71799
126355 5.80986
126356 5.79134
126359 5.84741
126361 5.76087
126362 5.8435
126364 5.7611
126367 5.72031
126369 5.84159
126370 5.82756
126371 5.83011
126372 5.80698
126373 5.76551
126374 5.81346
126376 5.81807
126429 5.67232
126431 5.60538
126432 5.71319
126433 5.75413
126434 5.60905
126435 5.24672
126436 5.43842
126449 5.51476
126451 5.64105
126453 5.37753
126454 5.36567
126460 5.13647
126461 5.45731
126462 6.56853
126464 5.56979
126465 5.69049
126467 5.60663
126469 5.67586
126471 5.28239
126472 5.17202
126473 5.17102
126475 5.17421
126476 5.23169
126477 5.19738
126478 5.21197
126479 5.19062
126480 5.18664
126483 5.15524
126485 5.0163
126487 5.18225
126488 5.17037
126490 5.14306
126492 5.08647
126494 5.0724
126496 5.80042
126499 5.65913
126503 5.64566
126505 5.63183
126506 5.68638
126507 5.58988
126508 5.56082
126509 5.69568
126510 5.65168
126511 5.72807
126512 5.62716
126513 5.6271
126514 5.71494
126517 5.68193
126520 5.84761
126521 5.73224
126522 5.70262
126523 5.5937
126527 5.59089
126528 5.53111
126531 5.58678
126532 5.64026
126535 5.61757
126536 5.64175
126538 5.5711
126539 5.6144
126540 5.6489
126541 5.66147
126542 5.59436
126543 5.66988
126546 5.65994
126552 5.61101
126554 5.69442
126555 5.66422
126556 5.64139
126557 5.63668
126559 5.62232
126562 5.75443
126563 5.67636
126564 5.70967
126566 5.47476
126568 5.65106
126569 5.67774
126572 5.64812
126573 5.748
126575 5.73192
126576 5.71785
126577 5.78246
126578 5.68609
126579 5.70767
126581 5.79076
126618 5.18286
126619 5.29148
126621 5.27566
126622 5.20232
126624 5.3288
126625 5.16569
126641 5.98894
126643 6.94203
126644 3.65314
126646 5.445
126647 5.93712
126651 5.03636
126652 5.07713
126653 5.24043
126656 5.13053
126657 5.22875
126658 5.32768
126662 5.17793
126664 5.0904
126665 5.24299
126666 5.23318
126667 5.16167
126668 5.17372
126669 5.12169
126670 5.14291
126673 5.27091
126676 5.82301
126677 5.61869
126679 5.76063
126680 5.67738
126682 5.72959
126683 5.79899
126684 5.70674
126685 5.7795
126688 5.68189
126689 5.73494
126690 5.76599
126691 5.7597
126692 5.78235
126693 5.73033
126695 5.87851
126699 5.80558
126701 5.75425
126702 5.73774
126703 5.78836
126704 5.7592
126706 5.69652
126707 5.68817
126709 5.71653
126710 5.90108
126711 5.73986
126714 5.75029
126716 5.71669
126717 5.83565
126718 5.82612
126719 5.72352
126720 5.74766
126721 5.68404
126722 5.69166
126723 5.74111
126725 5.7034
126728 5.70421
126729 5.71082
126731 5.7809
126732 5.65628
126733 5.68907
126734 5.70327
126735 5.74913
126736 5.71924
126737 5.70011
126738 5.71497
126740 5.77297
126744 5.74427
126745 5.70118
126746 5.71265
126747 5.72015
126749 5.67115
126776 5.65137
126777 5.5573
126778 5.59353
126779 5.59545
126780 5.16298
126782 5.33015
126783 5.39167
126814 5.64156
126815 5.27942
126817 5.15731
126821 5.44339
126823 5.63731
126824 5.56571
126825 5.69984
126831 5.6713
126832 5.00625
126833 5.27325
126834 5.16871
126835 5.09887
126836 5.21145
126837 5.01
126838 5.03486
126839 5.14187
126842 5.12318
126845 5.1263
126846 5.0339
126847 4.99648
126851 5.19981
126853 5.16935
126854 5.10038
126855 5.18641
126856 5.13495
126858 5.62699
126859 5.68385
126862 5.59484
126866 5.67371
126868 5.62884
126869 5.67557
126870 5.68279
126871 5.65367
126872 5.67395
126874 5.56965
126875 5.59313
126877 5.56578
126878 5.67849
126879 5.65037
126880 5.57953
126881 5.71723
126882 5.6492
126883 5.58954
126890 5.59009
126892 5.68754
126893 5.69796
126894 5.61802
126895 5.71753
126906 5.70951
126907 5.72285
126909 5.64621
126910 5.69207
126911 5.59901
126912 5.68492
126913 5.60734
126914 5.65676
126915 5.70445
126923 5.60079
126925 5.64196
126926 5.63836
126929 5.63526
126931 5.68553
126932 5.71181
126933 5.70915
126934 5.66496
126936 5.70131
126956 7.40421
126957 7.73895
126958 7.72861
126992 4.83701
126994 4.79471
126995 5.61861
126996 5.27171
126997 5.61716
126998 6.03529
126999 5.31176
127000 5.24133
127001 5.20839
127002 5.15142
127003 5.22655
127004 5.17667
127006 5.44964
127017 5.28467
127022 5.2158
127023 5.0246
127024 5.47848
127025 5.23856
127026 5.45065
127028 5.05432
127029 5.85535
127031 5.28715
127032 5.11006
127033 5.09929
127034 5.3787
127059 5.34926
127061 5.22287
127062 5.15904
127064 5.27759
127065 5.0771
127066 5.24488
127067 5.27
127068 5.23262
127070 5.18849
127071 5.18563
127072 5.33192
127073 5.30228
127074 5.23487
127097 5.09916
127099 5.16684
127107 5.09152
127108 5.18132
127110 5.05631
127111 5.06351
127112 5.28302
127113 5.17353
127114 5.14028
127115 5.24611
127116 5.12644
127135 5.2166
127136 5.79924
127138 5.10837
127139 5.4744
127140 5.26595
127141 5.4552
127180 14.6633
127181 5.61368
127182 4.79615
127185 5.46863
127186 5.13264
127187 4.98379
127188 5.20577
127190 5.55679
127191 5.15208
127193 5.05082
127195 4.9452
127196 5.23242
127197 5.28596
127198 5.18994
127199 4.93467
127206 5.04981
127213 5.06612
127214 5.16955
127215 5.2253
127217 5.04566
127218 5.13182
127219 5.03568
127221 5.08264
127222 4.96288
127224 5.16289
127228 5.04359
127229 5.05443
127231 5.17758
127234 5.01786
127235 4.97587
127237 5.23773
127238 5.07207
127240 5.20108
127241 5.14923
127247 5.14882
127249 5.25577
127250 5.15328
127251 5.71162
127254 5.70445
127257 5.63666
127261 5.62617
127262 5.62205
127263 5.55487
127264 5.66552
127266 5.6158
127267 5.72134
127268 5.67975
127269 5.71581
127270 5.7139
127271 5.75323
127272 5.70317
127273 5.67232
127278 5.75492
127279 5.68325
127280 5.78836
127283 5.73999
127285 5.68156
127287 5.72377
127289 5.69855
127290 5.69449
127291 5.7289
127294 5.74138
127295 5.68219
127296 5.67721
127297 5.78176
127304 5.74944
127306 5.72425
127307 5.71238
127308 5.73805
127312 5.72061
127314 5.70049
127315 5.69314
127317 5.68395
127318 5.77588
127319 5.69725
127320 5.63571
127321 5.83101
127322 5.80578
127325 5.74384
127327 5.68096
127328 5.72844
127329 5.68267
127330 5.66559
127417 5.36604
127418 5.57099
127419 5.34524
127420 5.18277
127421 5.24276
127422 5.16388
127423 5.18566
127424 5.09205
127425 5.25296
127442 5.18138
127443 5.21527
127444 4.99077
127459 5.72703
127460 5.75499
127461 5.72863
127462 5.65247
127465 5.6502
127467 5.69346
127472 5.73111
127473 5.70008
127477 5.71687
127478 5.66649
127479 5.64432
127481 5.75131
127482 5.67799
127483 5.67418
127488 5.7407
127489 5.69816
127492 5.66407
127493 5.61988
127498 5.78459
127499 5.73744
127501 5.80237
127502 5.72484
127503 5.5666
127504 5.71436
127506 5.78694
127507 5.72422
127508 5.75798
127509 5.8013
127510 5.75797
127512 5.66882
127513 5.73453
127518 5.74153
127521 5.73237
127523 5.73772
127524 5.72827
127525 5.76611
127527 5.7335
127531 5.76804
127532 5.75734
127534 5.69392
127535 5.73743
127536 5.72141
127537 5.68457
127538 5.76145
127539 5.68374
127540 5.76401
127542 5.75993
127544 5.74016
127545 5.70234
127588 5.46577
127589 5.50117
127592 5.52527
127594 5.43876
127598 5.04745
127600 5.39897
127601 5.3673
127602 5.20587
127603 5.21014
127606 5.12068
127610 5.54986
127611 5.5545
127612 5.45539
127613 5.47805
127615 5.43975
127619 5.00041
127620 4.94845
127621 4.89426
127622 4.93402
127623 5.05017
127625 4.91884
127626 4.94037
127627 4.92521
127630 4.95825
127631 4.92771
127635 4.9742
127637 4.93517
127638 5.07196
127641 4.94663
127642 4.76769
127643 4.88468
127644 4.88634
127645 4.96693
127646 4.89723
127647 4.90114
127650 4.92815
127651 4.90814
127652 4.97791
127654 4.89407
127657 5.0425
127659 4.95299
127661 5.07802
127662 4.91279
127663 5.00571
127664 4.90653
127667 4.96315
127668 5.00455
127670 4.83869
127673 4.81841
127677 4.92601
127678 4.90174
127680 4.95641
127681 4.97471
127682 4.98
127683 4.92188
127684 4.89394
127685 5.02485
127690 4.85342
127691 5.02826
127692 4.94865
127694 4.87278
127695 4.90346
127698 4.89295
127700 4.94231
127701 4.84433
127702 4.91305
127703 4.93001
127704 4.76599
127710 4.99759
127711 4.9586
127712 4.85202
127721 4.89228
127722 4.8566
127723 4.88682
127725 4.87745
127729 6.88547
127731 7.24444
127735 6.97614
127737 6.90609
127739 7.01704
127740 6.88339
127761 5.19721
127762 5.0847
127764 5.31796
127765 5.20254
127766 5.27968
127767 5.28877
127768 5.3015
127769 5.21118
127770 5.24712
127791 5.36266
127793 5.46152
127794 5.23485
127795 5.28634
127796 5.18492
127797 5.11354
127798 5.18543
127799 5.27049
127800 5.27861
127802 5.20157
127803 5.2669
127804 5.31933
127805 5.25832
127806 5.26426
127807 5.40558
127809 5.294
127810 5.11795
127813 5.19092
127814 5.3903
127815 5.2431
127818 5.30158
127819 5.35385
127820 5.20774
127822 5.31617
127826 5.17472
127828 5.26257
127830 5.25542
127831 5.31215
127832 5.23385
127833 5.21158
127834 5.3364
127835 5.21233
127837 5.4319
127838 5.38031
127839 5.31244
127840 5.26529
127841 5.21852
127842 5.24224
127843 5.29138
127844 5.30398
127845 5.33555
127846 5.28275
127856 5.25946
127858 5.3048
127859 5.31607
127861 5.3192
127863 5.34314
127864 5.35584
127865 5.35507
127866 5.44834
127867 5.28214
127870 5.34237
127874 5.33899
127877 5.26893
127880 5.28942
127884 5.28443
127885 5.23632
127886 5.36795
127889 5.26768
127891 5.25388
127892 5.25757
127893 5.23653
127894 5.26874
127895 5.30898
127897 5.19553
127902 6.79381
127904 6.84277
127905 6.93871
127924 5.41148
127925 5.50729
127927 5.46094
127928 5.24923
127931 5.17967
127932 5.13808
127933 5.34721
127951 5.11599
127955 4.80103
127958 5.44182
127959 5.26857
127961 4.95324
127962 5.5658
127963 5.47725
127967 5.08597
127968 5.34725
127969 5.34866
127970 5.36685
127971 5.40493
127981 5.27015
127984 5.3421
127986 5.29722
127989 5.35346
127990 5.31067
127991 5.32867
127992 5.36463
127994 5.32477
127995 5.32031
127996 5.3599
127997 5.39581
127998 5.32089
127999 5.40974
128000 5.33606
128001 5.39389
128003 5.34844
128004 5.2632
128005 5.33695
128006 5.23945
128007 5.28699
128008 5.30902
128009 5.25398
128010 5.28078
128011 5.32565
128012 5.29315
128017 5.26204
128019 5.36177
128020 5.34727
128021 5.32111
128022 5.36505
128024 5.298
128025 5.26033
128029 5.27468
128030 5.36449
128031 5.32483
128032 5.30673
128035 5.24152
128036 5.25695
128040 5.22813
128043 5.21723
128044 5.20806
128046 5.33691
128050 5.02538
128052 5.20414
128054 5.22269
128055 5.16416
128056 5.19924
128063 5.22112
128064 5.20882
128065 5.19714
128068 7.15662
128069 6.96129
128086 5.03175
128101 4.87447
128105 5.00211
128106 5.04637
128109 4.8912
128111 5.05961
128115 5.13401
128116 4.83779
128117 4.9025
128121 4.87991
128122 4.95055
128123 4.96583
128124 5.04654
128125 4.80007
128128 4.76556
128130 4.83144
128131 4.93831
128132 4.93859
128133 4.90294
128134 4.96712
128135 4.86359
128137 5.02667
128138 4.80061
128141 4.92373
128144 4.94054
128145 4.96629
128146 4.89332
128147 5.01775
128148 4.9426
128149 4.99879
128150 4.98157
128152 5.02407
128153 5.00448
128154 4.83291
128155 5.29112
128157 5.20411
128158 5.31154
128160 5.28909
128163 5.23265
128169 5.3258
128170 5.2769
128171 5.34784
128172 5.26167
128173 5.17453
128176 5.33884
128177 5.26637
128178 5.33146
128179 5.31308
128180 5.28013
128181 5.30976
128182 5.30829
128185 5.30269
128186 5.37601
128187 5.28875
128188 5.42376
128189 5.16392
128190 5.38528
128194 5.28499
128195 5.28957
128197 5.26204
128198 5.34183
128199 5.32907
128200 5.31697
128201 5.33766
128202 5.30373
128204 5.40625
128208 5.356
128210 5.25438
128211 5.24477
128212 5.30842
128213 5.27027
128214 5.32848
128215 5.26451
128217 5.23576
128220 5.27469
128223 5.4124
128238 5.13063
128260 4.93164
128263 5.37818
128264 5.47097
128265 5.0885
128266 5.45111
128268 6.51539
128285 5.68045
128288 5.32227
128289 5.18213
128290 4.8332
128291 4.89737
128293 4.81033
128294 4.87962
128295 5.29449
128297 5.09391
128298 4.92503
128303 5.59265
128305 5.55546
128306 5.51788
128307 5.46695
128309 5.44392
128310 5.59049
128312 5.62148
128313 5.43579
128314 4.99268
128315 5.46548
128316 5.57005
128326 5.74058
128327 5.44707
128341 5.27034
128348 5.33236
128350 5.38602
128351 5.38974
128354 5.45353
128356 5.43386
128357 5.3809
128360 5.36319
128362 5.3237
128363 5.28023
128364 5.32761
128365 5.28139
128366 5.25985
128369 5.33394
128372 5.32369
128373 5.21562
128376 5.29074
128377 5.30862
128378 5.36749
128379 5.31606
128380 5.33412
128382 5.15824
128383 5.08028
128387 5.38791
128389 5.30727
128391 5.26705
128392 5.28778
128393 5.15011
128394 5.25851
128395 5.19402
128396 5.32744
128397 5.23935
128399 5.21048
128400 5.30109
128401 5.25569
128760 5.51019
128766 5.36995
128768 5.54619
128770 5.42779
128771 5.46637
128775 5.37846
128777 5.45832
128780 5.42478
128782 5.5979
128787 5.43356
128788 5.4972
128789 5.40561
128790 5.41597
128792 5.25108
128793 5.39324
128797 5.37792
128798 5.3557
128800 5.31539
128809 5.41988
128812 5.40009
128813 5.35927
128815 5.42699
128818 5.43613
128820 5.41352
128821 5.45784
128824 5.27438
128828 5.42716
128831 5.36105
128832 5.40005
128833 5.27481
128834 5.43799
128837 5.34594
128840 5.46707
128841 5.40041
128842 5.39802
128846 5.34172
128849 4.95615
128852 5.43622
128856 5.03263
128857 5.00488
128860 5.05422
128863 4.99207
128866 5.10725
128868 5.01299
128869 4.9477
128870 5.17324
128871 4.97758
128872 4.96997
128916 5.47176
128917 5.5676
128918 5.53046
128919 5.49467
128931 5.57316
128932 5.57103
128934 5.42449
128938 5.45583
128939 5.56573
128941 5.48226
128942 5.58006
128944 5.4471
128945 5.48399
128949 5.51712
128950 5.50137
128951 5.49914
128952 5.46061
128953 5.5193
128954 5.47467
128955 5.58097
128957 5.45506
128958 5.47205
128963 5.49888
128964 5.46928
128965 5.42728
128966 5.44706
128968 5.47081
128971 5.50438
128972 5.43167
128973 5.47676
128974 5.46773
128975 5.4675
128981 5.42092
128985 5.47079
128986 5.52479
128987 5.49855
128991 5.40937
128992 5.32266
128994 5.42873
128998 5.44566
129000 5.34878
129002 5.27173
129004 5.34516
129006 5.33096
129012 5.32542
129015 5.32981
129016 5.32788
129018 5.23527
129019 5.2839
129020 5.37055
129021 5.2641
129023 5.27149
129025 5.32035
129026 5.3636
129027 5.40905
129028 5.37679
129029 5.3953
129030 5.3853
129031 5.42253
129032 5.38405
129033 5.49995
129034 5.47363
129037 5.42707
129041 5.48162
129042 5.5042
129044 5.5202
129047 5.42845
129048 5.50293
129050 5.51436
129052 5.542
129053 5.44694
129054 5.51915
129055 5.457
129056 5.50556
129058 5.46972
129059 5.51735
129062 5.48265
129063 4.95783
129065 5.01041
129066 4.98903
129068 4.90626
129069 5.12036
129070 4.98003
129071 4.93573
129072 4.98515
129073 4.94575
129080 4.92135
129146 5.44117
129147 5.35871
129148 5.35956
129149 5.35406
129150 5.3711
129156 5.45326
129157 5.35189
129158 5.40892
129159 5.43663
129160 5.4405
129162 5.53145
129163 5.42081
129167 5.40863
129168 5.48555
129169 5.43498
129170 5.48774
129171 5.52697
129172 5.47553
129173 5.42174
129174 5.438
129178 5.56032
129179 5.49898
129180 5.462
129181 5.48448
129183 5.49848
129185 5.40714
129186 5.47298
129189 5.50297
129191 5.43723
129192 5.4652
129193 5.50587
129194 5.43699
129195 5.43556
129196 5.53557
129197 5.36206
129200 5.42268
129202 5.4123
129203 5.39072
129204 5.44962
129205 5.4149
129207 5.40297
129208 5.47505
129219 5.21626
129221 4.85597
129519 4.88297
129521 5.08666
129522 5.17182
129524 5.00463
129526 5.10263
129527 4.95452
129529 5.02836
129531 5.11924
129535 5.55626
129536 5.54286
129538 5.64805
129539 5.57283
129540 5.56017
129541 5.62664
129545 5.55173
129549 5.55059
129550 5.63051
129551 5.60952
129552 5.60025
129553 5.70322
129564 5.58497
129566 5.56329
129567 5.5613
129568 5.55088
129572 5.57249
129573 5.44476
129574 5.55978
129575 5.55572
129576 5.53439
129579 5.6475
129580 5.55122
129582 5.52338
129591 5.49092
129607 5.41755
129611 5.38506
129617 5.40713
129618 5.44186
129619 5.41738
129620 5.38774
129623 5.2663
129626 5.36397
129629 5.40286
129630 5.40322
129631 5.43689
129632 5.43512
129633 5.41451
129635 5.4143
129637 5.39372
129638 5.47542
129641 5.41687
129643 5.46428
129644 5.44483
129645 5.43449
129646 5.49071
129648 5.47061
129649 5.4766
129651 5.45599
129652 5.53761
129653 5.44405
129655 5.47054
129656 5.44646
129659 5.43661
129660 5.40762
129672 5.03824
129673 5.0447
129674 4.87631
129675 4.85467
129676 4.83232
129678 5.01762
129680 4.82806
129681 4.96593
129685 5.01807
129687 4.83243
129689 4.87126
129691 4.91061
129692 5.0834
129693 5.10005
129707 5.0259
129708 5.00256
129709 4.97102
129710 5.05754
129711 5.06471
129712 4.83072
129713 4.92637
129714 4.86442
129715 5.01815
129716 4.87946
129719 4.91587
129723 5.01984
129724 5.17645
129728 4.9679
129730 4.83527
129731 5.41709
129732 5.39166
129733 5.50244
129734 5.4653
129737 5.44479
129738 5.42046
129739 5.56685
129740 5.55457
129741 5.53136
129742 5.50185
129743 5.42747
129752 5.48552
129753 5.51116
129754 5.47991
129756 5.49868
129757 5.37586
129758 5.56905
129760 5.45346
129761 5.44413
129762 5.42796
129763 5.44592
129764 5.42098
129768 5.43743
129769 5.42194
129771 5.46815
129772 5.41039
129773 5.41396
129774 5.42502
129775 5.49205
129778 5.48731
129780 5.43782
129781 5.44788
129783 5.46363
129784 5.46357
129786 5.4981
129787 5.44267
129788 5.44215
129789 5.43169
129790 5.4187
129791 5.45811
129792 5.40339
129795 5.43203
129796 5.43187
129797 5.50196
129798 5.38738
129799 5.42541
129800 5.46833
129803 5.42999
129804 5.4923
129805 5.45868
129806 5.50573
129808 5.45003
129809 5.40616
129811 5.52507
129812 5.53517
129813 5.46244
129814 5.50968
129817 5.51168
129818 5.46559
129819 5.47994
129820 5.40777
129824 5.38889
129831 5.4797
129833 5.48826
129834 5.44767
129835 5.43486
129836 5.4059
129837 5.47841
129841 5.46565
129844 4.71685
129845 4.89594
129847 4.90166
129848 4.93575
129849 4.86816
129850 4.86167
129851 4.7961
129852 4.91502
129853 4.95697
129855 4.88983
129857 4.92449
129860 4.83984
129861 5.01248
129863 4.84029
129864 5.04859
129865 5.0462
130199 5.03729
130200 5.05667
130203 5.04219
130204 4.95014
130205 4.93462
130206 5.0011
130207 5.03724
130209 4.92184
130210 5.00139
130245 5.55695
130247 5.06015
130248 4.9564
130249 5.06633
130250 4.98565
130251 5.01312
130252 4.97334
130254 5.09066
130255 5.02812
130259 5.07809
130264 5.48689
130265 5.46748
130266 5.45007
130268 5.24194
130271 4.96228
130272 4.99868
130275 4.91093
130276 4.98847
130278 4.96267
130284 5.46674
130286 5.45319
130287 5.45869
130289 5.52021
130290 5.49361
130293 5.47597
130303 5.44541
130306 5.42455
130307 5.4335
130308 5.44239
130310 5.34803
130312 5.50858
130315 5.39167
130316 5.41459
130317 5.39415
130318 5.30236
130319 5.33349
130320 5.36929
130324 5.42803
130328 5.32879
130329 5.36403
130332 5.35801
130335 5.39093
130338 5.36526
130339 5.3383
130343 5.43117
130346 5.35771
130347 5.38141
130348 5.30753
130350 5.37777
130351 5.49117
130352 5.36552
130355 5.38601
130357 5.44979
130358 5.45432
130359 5.38607
130360 5.41808
130364 5.36396
130366 5.49535
130367 5.34935
130369 5.41145
130372 5.44617
130374 5.4553
130375 5.52824
130379 5.48768
130384 5.52401
130386 5.43188
130387 5.45807
130389 5.43959
130391 5.50256
130392 5.47353
130394 5.41149
130395 5.43616
130398 5.39072
130399 5.46499
130400 5.44556
130401 5.5068
130402 5.43086
130403 5.46574
130404 5.35399
130405 5.42084
130406 5.42587
130408 5.4465
130409 5.43318
130420 5.03292
130421 4.90441
130423 5.09298
130424 4.94872
130425 4.88637
130426 4.95336
130427 4.92522
130429 5.01238
130460 4.96642
130461 4.99553
130462 4.90676
130463 5.06154
130464 5.03427
130467 4.97785
130469 4.98951
130470 5.0493
130472 5.48476
130473 5.49374
130474 5.52055
130475 5.43546
130476 5.53349
130478 5.54658
130482 5.5602
130484 5.49796
130485 5.51218
130486 5.55296
130488 5.5435
130489 5.52887
130490 5.51683
130491 5.53532
130492 5.49124
130494 5.49497
130495 5.50797
130497 5.56648
130500 5.47571
130501 5.51907
130502 5.43186
130503 5.49397
130505 5.45836
130506 5.53552
130507 5.48404
130508 5.45329
130509 5.40876
130511 5.49679
130512 5.40789
130514 5.42384
130515 5.36072
130517 5.45688
130518 5.35432
130521 5.37072
130523 5.40703
130525 5.35342
130527 5.39595
130529 5.41241
130530 5.443
130531 5.34208
130533 5.30906
130535 5.38028
130536 5.38644
130537 5.34971
130541 5.34404
130542 5.37188
130543 5.37055
130546 5.3729
130547 5.36397
130548 5.34384
130554 5.40577
130556 5.26067
130557 5.39475
130559 5.32863
130561 5.35903
130562 5.31637
130564 5.36982
130567 5.37446
130569 5.35371
130572 5.38533
130573 5.31051
130586 5.45014
130588 5.43851
130590 5.38965
130591 5.49833
130593 5.45673
130595 5.40078
130597 5.49473
130600 5.47398
130602 5.30943
130604 5.47518
130605 5.37549
130606 5.47278
130607 5.46618
130609 5.41133
130610 5.52757
130611 5.49195
130614 4.97821
130616 4.92499
130626 4.83163
130628 5.02665
130629 5.08945
130630 4.91079
