121339 0.0436399
121340 0.0452997
121343 0.042451
121344 0.0412474
121346 0.0469005
121347 0.0447158
121348 0.0475074
121349 0.0444236
121361 0.0418709
121362 0.0452446
121365 0.0434851
121369 0.0449086
121370 0.044641
121373 0.0469703
121374 0.0458982
121375 0.044164
121378 0.0454726
121379 0.0456302
121381 0.0436175
121382 0.0470121
121384 0.0433365
121385 0.0461389
121387 0.0436123
121390 0.0443232
121391 0.0444136
121394 0.0436194
121395 0.0451092
121396 0.0428034
121397 0.045387
121398 0.0454512
121399 0.0485778
121400 0.0457784
121401 0.0464231
121402 0.0459483
121406 0.0453509
121407 0.0451126
121408 0.0454413
121409 0.0450697
121414 0.0489052
121416 0.0451748
121418 0.0455933
121419 0.0463135
121420 0.0455171
121421 0.0450061
121422 0.0447005
121424 0.0427507
121425 0.0447854
121426 0.0457278
121427 0.0432993
121428 0.0459622
121429 0.0441761
121430 0.0454284
121432 0.0461843
121433 0.0463681
121434 0.0446212
121435 0.0446134
121436 0.0454429
121437 0.0452699
121441 0.0457263
121442 0.0450229
121446 0.0449281
121448 0.0452727
121449 0.044879
121454 0.0451052
121456 0.0433567
121458 0.0462515
121459 0.0447236
121474 0.0451266
121476 0.0446291
121477 0.0456065
121479 0.0458386
121480 0.0454943
121519 0.0441355
121523 0.0466483
121525 0.042115
121526 0.0452554
121527 0.0468633
121528 0.0453124
121529 0.0470773
121530 0.0449391
121531 0.046075
121534 0.0457991
121535 0.0448444
121536 0.0450031
121539 0.0448773
121540 0.0465743
121542 0.0474948
121543 0.0459513
121544 0.0465901
121545 0.0455029
121547 0.0464516
121548 0.0457548
121549 0.0461554
121550 0.0453616
121551 0.0465995
121552 0.0461619
121553 0.0459198
121554 0.0468233
121555 0.0453295
121556 0.0464934
121557 0.0471361
121558 0.0456029
121559 0.0461023
121560 0.0485012
121561 0.045778
121563 0.0459962
121565 0.0460404
121567 0.0462354
121568 0.0470962
121569 0.0466616
121574 0.047541
121576 0.0407539
121579 0.0422691
121580 0.0415029
121581 0.0417571
121582 0.0436049
121585 0.0399753
121588 0.0405871
121590 0.0396093
121592 0.0408444
121593 0.0398449
121595 0.0397761
121608 0.0413413
121609 0.0425042
121623 0.0402346
121624 0.0422631
121626 0.0473374
121628 0.0477106
121631 0.0470286
121633 0.0454139
121636 0.0454307
121637 0.0463887
121638 0.0461394
121639 0.0465356
121640 0.0469308
121641 0.0458696
121649 0.0463938
121650 0.045786
121651 0.0455974
121652 0.0459086
121653 0.0469395
121656 0.0448126
121678 0.0467987
121681 0.0460719
121683 0.0467127
121684 0.0464147
121687 0.0454913
121688 0.0461848
121689 0.0470188
121694 0.0477722
121698 0.046517
121704 0.0445237
121705 0.0483839
121706 0.0482533
121707 0.0461348
121708 0.0473376
121710 0.0493043
121711 0.0501116
121713 0.0472663
121714 0.0466491
121715 0.0472642
121716 0.0475079
121718 0.0474164
121721 0.04758
121722 0.0462727
121723 0.046107
121724 0.0467428
121725 0.0476125
121727 0.0466969
121728 0.0467132
121729 0.0473061
121732 0.0466556
121734 0.045258
121748 0.0460087
121750 0.0472162
121751 0.0472729
121752 0.0484973
121753 0.0478567
121754 0.0479537
121756 0.0476835
121758 0.0464764
121760 0.0467233
121764 0.0469329
121765 0.0472302
121766 0.0464764
121767 0.0460059
121768 0.0478298
121769 0.0411353
121771 0.0421464
121772 0.0416424
121774 0.043018
121778 0.0410625
121779 0.0442034
121780 0.0419187
121781 0.0434839
121783 0.0462285
121784 0.0479435
121785 0.046873
121787 0.0467697
121788 0.0452328
121789 0.0478575
121790 0.0469559
121792 0.0470613
121794 0.0465964
121795 0.046867
121799 0.0460726
121800 0.0463787
121801 0.0461666
121802 0.0444752
121803 0.0470762
121804 0.0473959
121808 0.0462357
121811 0.0465248
121812 0.0466015
121813 0.0471957
121814 0.046896
121815 0.0471976
121816 0.0469521
121817 0.0465669
121819 0.0475141
121820 0.0461882
121822 0.0457732
121823 0.0471067
121824 0.0467736
121826 0.0457154
121827 0.0462549
121841 0.0480771
121842 0.0467089
121843 0.0479006
121844 0.0470961
121846 0.0464854
121847 0.0467836
121868 0.0469666
121869 0.0453737
121870 0.046415
121872 0.0468069
121873 0.0491575
121874 0.0477056
121875 0.0474827
121876 0.0469079
121877 0.0472889
121884 0.0458864
121885 0.0482625
121926 0.0465938
121954 0.0471429
121967 0.0470373
121975 0.0470974
121976 0.0462807
121985 0.0467849
121986 0.0470653
121987 0.0471234
121989 0.046681
121992 0.0463648
121994 0.0449317
121995 0.0478989
121996 0.0469282
121997 0.0464965
121999 0.046594
122001 0.0474085
122003 0.0479218
122006 0.0474624
122007 0.0473669
122089 0.0423328
122148 0.0467733
122152 0.0463168
122153 0.0468805
122154 0.0496524
122156 0.0483056
122158 0.0494485
122159 0.0458754
122160 0.0447325
122164 0.0461521
122166 0.0478629
122167 0.0445297
122168 0.0472403
122169 0.046176
122170 0.0463273
122172 0.0471963
122173 0.0476606
122174 0.0470411
122176 0.046543
122178 0.0469404
122294 0.0459515
122326 0.0453159
122330 0.0465978
122331 0.0436389
122335 0.0479028
122336 0.0471577
122339 0.0462285
122341 0.0460961
122342 0.0453783
122344 0.0457018
122345 0.0497675
122347 0.0437668
122349 0.0459497
122350 0.045949
122351 0.0446797
122352 0.0425354
122353 0.0503876
122354 0.0437259
122356 0.0456552
122357 0.046575
122360 0.0455698
122363 0.0454162
122365 0.0450407
122366 0.045062
122369 0.0463255
122438 0.0470168
122449 0.0442788
122463 0.0469993
122484 0.0459673
122485 0.0447565
122486 0.045796
122487 0.0462553
122488 0.0452125
122489 0.0459028
122492 0.0437974
122493 0.0455026
122496 0.044593
122497 0.0457248
122498 0.0447732
122500 0.0454348
122501 0.0459723
122502 0.0449902
122503 0.0453802
122505 0.0453475
122507 0.0459161
122508 0.0447655
122509 0.0457433
122510 0.0461057
122511 0.0453952
122514 0.0455874
122519 0.046231
122520 0.0452492
122521 0.0464702
122524 0.0453553
122525 0.0447868
122526 0.0460412
122527 0.0455235
122535 0.0459668
122561 0.040385
122589 0.0410497
122674 0.0453847
122675 0.0457779
122676 0.0462896
122677 0.0456756
122679 0.0439443
122681 0.0446919
122682 0.04494
122683 0.045513
122684 0.0458931
122685 0.0461986
122686 0.0450984
122687 0.0454349
122689 0.0446014
122690 0.0454651
122691 0.0452339
122692 0.0456586
122693 0.0461184
122695 0.04599
122696 0.0462708
122698 0.0459948
122699 0.045689
122700 0.0460062
122701 0.0452056
122702 0.0455594
122703 0.0456744
122704 0.0463578
122705 0.0446467
122708 0.0451391
122710 0.0461228
122711 0.0443812
122712 0.0453361
122713 0.0457212
122714 0.0463874
122721 0.0448577
122722 0.0465929
122726 0.0464371
122727 0.0453678
122728 0.0468269
122729 0.0453489
122730 0.0453173
122731 0.0449735
122733 0.0458121
122734 0.0455981
122735 0.0450409
122736 0.0454614
122737 0.0456828
122738 0.046106
122739 0.0465533
122740 0.045421
122741 0.046068
122743 0.0464474
122744 0.0453197
122745 0.0453692
122746 0.0464317
122747 0.0459161
122749 0.0454058
122751 0.0473681
122752 0.0462009
122753 0.0457138
122754 0.0454717
122755 0.0472596
122785 0.0389986
122852 0.0472059
122862 0.0450452
122863 0.0450217
122866 0.0445111
122867 0.0454856
122868 0.0462953
122869 0.0458888
122870 0.0454068
122871 0.046174
122873 0.0447987
122874 0.0447752
122879 0.0458419
122880 0.0460075
122881 0.0442673
122967 0.0376026
122986 0.0496659
122987 0.0496369
122988 0.0497472
122990 0.0489187
123066 0.0456841
123067 0.0452528
123068 0.0454084
123070 0.0459053
123074 0.0461651
123077 0.0446482
123078 0.0461035
123081 0.0462149
123083 0.0460919
123084 0.0449177
123085 0.0461224
123087 0.0445943
123088 0.0455638
123089 0.0460903
123090 0.0447174
123091 0.0489898
123093 0.0435624
123097 0.0471472
123101 0.0454992
123204 0.0463921
123205 0.0443088
123206 0.0456138
123207 0.0456682
123209 0.0451048
123210 0.0484099
123211 0.0461543
123213 0.0458293
123215 0.0456279
123218 0.044356
123219 0.0451632
123223 0.0447731
123224 0.0447666
123225 0.0445714
123226 0.0441756
123227 0.0462427
123229 0.0455505
123233 0.0450736
123237 0.0473234
123238 0.045901
123240 0.0457322
123243 0.0449436
123245 0.0449566
123248 0.0449408
123250 0.0454216
123251 0.0454891
123252 0.0461674
123253 0.0454177
123256 0.0462265
123258 0.0440981
123259 0.0475306
123260 0.0463264
123261 0.0466014
123262 0.0456137
123264 0.0458119
123266 0.0455425
123267 0.0454484
123268 0.045809
123269 0.0457348
123270 0.045454
123272 0.0448272
123274 0.0462916
123275 0.0450689
123277 0.0456875
123278 0.044753
123279 0.0456998
123280 0.0452894
123281 0.0449883
123285 0.0462067
123290 0.0446767
123293 0.0456462
123294 0.0461854
123295 0.045283
123300 0.0451205
123301 0.0451804
123302 0.0445568
123303 0.0445258
123304 0.0445754
123319 0
123396 0.0437224
123397 0.0431641
123400 0.0425892
123401 0.0421552
123402 0.0443827
123403 0.0428496
123404 0.0434723
123405 0.0433825
123409 0.0435486
123411 0.0429372
123413 0.0433763
123414 0.0435839
123415 0.0434496
123417 0.0433017
123418 0.0434985
123419 0.0433014
123420 0.0435764
123421 0.0428252
123423 0.0434649
123425 0.0434111
123426 0.0431875
123427 0.0437598
123428 0.043729
123429 0.0436181
123430 0.0430731
123432 0.0435984
123433 0.0428348
123434 0.044068
123435 0.0445063
123436 0.0437643
123437 0.043368
123439 0.043536
123440 0.0440137
123441 0.0442614
123442 0.04344
123445 0.0430483
123446 0.0437585
123447 0.0437249
123450 0.043294
123452 0.0440133
123453 0.0422654
123455 0.0437464
123456 0.0437221
123457 0.0433387
123459 0.0433912
123461 0.0432572
123462 0.0438177
123463 0.0433835
123464 0.0438711
123465 0.0439812
123466 0.0437919
123468 0.0435155
123470 0.0432154
123471 0.0436531
123472 0.0437163
123474 0.0444799
123476 0.0437054
123477 0.0434508
123478 0.0433898
123479 0.0435549
123480 0.0436648
123481 0.0443187
123484 0.0431198
123488 0.0430337
123491 0.0434178
123492 0.0437585
123493 0.0435184
123495 0.0433062
123496 0.0441613
123497 0.043029
123498 0.0438415
123499 0.0440642
123500 0.0438018
123504 0.0423421
123665 0.0436442
123670 0.0440212
123672 0.0437494
123673 0.0439926
123674 0.0433634
123675 0.0441528
123678 0.0439003
123679 0.0438037
123683 0.0435336
123685 0.0438226
123686 0.0436912
123689 0.0431808
123691 0.0430555
123692 0.0432694
123693 0.0441282
123694 0.0448702
123695 0.0443498
123697 0.0439346
123698 0.0446305
123699 0.0433988
123700 0.0435331
123703 0.0443397
123704 0.0440532
123705 0.0434917
123706 0.0441327
123707 0.0440276
123709 0.0435163
123710 0.0419206
123714 0.0433948
123715 0.0435096
123716 0.0435694
123717 0.0431547
123718 0.0438155
123828 0.0441355
123832 0.0441622
123874 0.0428917
123875 0.0432303
123876 0.043597
123879 0.0439445
123881 0.0433673
123882 0.0428292
123884 0.0430475
123885 0.0421572
123886 0.0435235
123887 0.0430172
123888 0.0438094
123890 0.042784
123891 0.0433998
123893 0.0434003
123907 0.0193548
123945 0.0361808
124000 0.0405117
124020 0.0440336
124023 0.0440748
124024 0.0439154
124025 0.0441346
124026 0.0440516
124029 0.0436042
124031 0.0440145
124032 0.0439584
124033 0.0436683
124034 0.042816
124035 0.0437058
124037 0.0442278
124038 0.043189
124040 0.0435713
124041 0.0438341
124148 0.0430195
124161 0.0436495
124163 0.042361
124187 0.0432151
124195 0.0430362
124196 0.0438557
124197 0.0438836
124200 0.045233
124201 0.0445397
124202 0.043546
124205 0.0435309
124208 0.0438669
124209 0.0438895
124210 0.0437032
124212 0.0438877
124213 0.0439347
124214 0.0438818
124279 0.0429159
124330 0.0442649
124356 0.0439312
124382 0.0436692
124383 0.0430715
124384 0.043323
124385 0.0429816
124389 0.0431146
124391 0.0435718
124392 0.0436351
124393 0.0436423
124394 0.0438879
124451 0.0435262
124474 0.0637394
124478 0.0628993
124482 0.0431692
124530 0.0435028
124531 0.0435055
124532 0.0442954
124533 0.0441353
124534 0.043537
124535 0.0434757
124536 0.0431757
124537 0.0432539
124538 0.0436226
124541 0.0433308
124542 0.043089
124543 0.0442616
124545 0.0431507
124547 0.0434937
124548 0.0433055
124569 0.0232945
124572 0.0171359
124573 0.0229885
124574 0.0153341
124636 0.0429109
124643 0.0379563
124720 0.0436123
124721 0.0437701
124722 0.0436459
124725 0.0433716
124726 0.0428046
124727 0.0440793
124728 0.0442722
124729 0.0437543
124730 0.0435382
124731 0.0433634
124732 0.0430424
124733 0.0438906
124734 0.0431967
124735 0.0431338
124736 0.043739
124747 0.0195652
124767 0.0206767
124779 0.0436001
124780 0.0443918
124785 0.0381956
124786 0.0387612
124796 0.0442591
124878 0.0426089
124879 0.0434613
124880 0.0439378
124881 0.0430757
124882 0.043588
124883 0.0431366
124884 0.0434697
124886 0.0428062
124887 0.0429864
124888 0.0440368
124889 0.043709
124890 0.0438919
124892 0.0440104
124894 0.0438391
124895 0.0440179
124896 0.04393
124897 0.0438114
124898 0.0437746
124899 0.0431687
124901 0.0435847
124902 0.0441213
124903 0.0443259
124904 0.0435313
124905 0.0438163
124906 0.0450831
124907 0.0439596
124909 0.0430688
124912 0.0438109
124913 0.0438594
124915 0.0434069
124917 0.0433843
124925 0.0216475
124927 0.0210481
124930 0.0198771
124932 0.0206694
124934 0.0224169
124935 0.0213287
124936 0.0221872
124954 0.0354996
124974 0.0444258
124975 0.0433052
124979 0.044047
124981 0.0430408
124982 0.0442111
124984 0.0440702
124986 0.0442486
124988 0.0435785
124989 0.0437557
124992 0.0425497
124993 0.0437097
124994 0.0429963
124995 0.0430683
124997 0.0442351
124999 0.0439261
125000 0.0433158
125001 0.0437136
125003 0.0441842
125004 0.0437872
125009 0.0439879
125012 0.042131
125015 0.0444199
125017 0.0433886
125020 0.0434425
125021 0.043234
125022 0.0433003
125023 0.0430668
125025 0.0431298
125026 0.0426255
125028 0.0427101
125029 0.0435537
125030 0.0426102
125031 0.0427606
125032 0.0431579
125033 0.043576
125034 0.0428126
125036 0.0430614
125038 0.0436276
125039 0.0428636
125040 0.0435886
125042 0.0431075
125043 0.0435591
125048 0.0428911
125049 0.0429809
125051 0.0432804
125054 0.0426393
125055 0.0443346
125056 0.0431728
125057 0.0434146
125058 0.0430511
125059 0.0430372
125061 0.0442067
125062 0.0437434
125064 0.0424181
125065 0.0433999
125067 0.0433487
125068 0.0430415
125070 0.0437942
125072 0.0437531
125075 0.0429364
125076 0.0432565
125077 0.0432102
125078 0.0421748
125079 0.0440159
125081 0.0430256
125082 0.0413465
125086 0.0433901
125094 0.0240229
125095 0.0232497
125097 0.0230981
125098 0.0218862
125148 0.0446351
125160 0.0354982
125181 0.0438565
125196 0.0436372
125201 0.0437246
125211 0.0439355
125228 0.0432104
125229 0.0432627
125231 0.0438377
125232 0.0419258
125233 0.0434675
125234 0.0438831
125236 0.0435748
125237 0.0436336
125238 0.0436588
125239 0.0437753
125243 0.0434753
125245 0.0430463
125246 0.04494
125247 0.0429043
125249 0.0427108
125251 0.0436976
125308 0.0373568
125320 0.0434621
125335 0.0435723
125342 0.0436329
125371 0.0432783
125372 0.0433943
125373 0.0431696
125375 0.0429477
125377 0.0440129
125378 0.0426439
125380 0.0430824
125382 0.0435505
125384 0.0432704
125389 0.0432381
125390 0.0435602
125391 0.0428101
125392 0.0430139
125393 0.044297
125395 0.0437751
125396 0.0431308
125397 0.0428552
125398 0.0428319
125399 0.0423504
125400 0.0426116
125403 0.0428231
125404 0.043532
125405 0.0430387
125407 0.0431598
125408 0.0432955
125416 0.0432218
126276 0.0467613
126288 0.0472156
126290 0.0457315
126292 0.0448565
126293 0.0451171
126294 0.0461204
126296 0.0465483
126298 0.0455638
126299 0.0456147
126300 0.0453291
126302 0.0455157
126304 0.0458746
126305 0.0459619
126308 0.0452132
126309 0.0460538
126310 0.0458946
126311 0.0444002
126314 0.0439774
126315 0.046221
126316 0.0460678
126318 0.045708
126322 0.0458139
126323 0.0463922
126325 0.0450453
126326 0.0462629
126329 0.0463705
126341 0.0504944
126344 0.0437902
126345 0.0454244
126347 0.0462223
126349 0.045734
126352 0.0460954
126353 0.0460941
126354 0.0462023
126355 0.0468016
126356 0.0461432
126359 0.0468908
126361 0.0456241
126362 0.0466846
126364 0.0456299
126367 0.0452066
126369 0.0463976
126370 0.0453894
126371 0.0469053
126372 0.0464184
126373 0.0466072
126374 0.0465106
126376 0.0463524
126512 0.0458089
126517 0.0458279
126522 0.0458046
126523 0.0453995
126538 0.0450766
126539 0.0457263
126543 0.0453067
126569 0.0462182
126572 0.0460485
126573 0.0460663
126576 0.0457464
126618 0.0351633
126619 0.0360281
126621 0.0396793
126622 0.0403543
126624 0.0347766
126625 0.0379429
126641 0.0241935
126643 0.0663507
126644 0.0170068
126646 0.0338505
126647 0.0435511
126676 0.0459564
126677 0.0442433
126679 0.0464116
126680 0.0447251
126682 0.0439082
126683 0.0452877
126684 0.0453631
126685 0.0458739
126688 0.0456234
126689 0.0459287
126690 0.0460191
126691 0.0454169
126692 0.0447618
126693 0.0461563
126695 0.0468826
126699 0.0458791
126701 0.0453657
126702 0.045945
126703 0.0452616
126704 0.0454392
126706 0.0447701
126707 0.0460205
126709 0.0458594
126710 0.046111
126711 0.045345
126714 0.0452281
126716 0.0457142
126717 0.0453064
126718 0.0464835
126719 0.0453402
126720 0.0449428
126721 0.0466379
126722 0.0455568
126723 0.0463691
126725 0.0458499
126728 0.0455852
126729 0.0449509
126731 0.0456087
126732 0.045656
126733 0.044533
126734 0.0449905
126735 0.044863
126736 0.0457458
126737 0.0451792
126738 0.0457375
126740 0.0458665
126744 0.045353
126745 0.0457011
126746 0.0454773
126747 0.0463764
126749 0.0451374
126833 0.0398442
126872 0.0459979
126910 0.0464432
126913 0.0454392
126923 0.0449206
126925 0.0455253
126926 0.0448163
126929 0.0445143
126931 0.0466007
126932 0.0470731
126933 0.0453304
126934 0.0455321
126936 0.0460214
126956 0.0226625
126957 0.0250209
126958 0.0276767
126992 0.0275229
126994 0.0397727
126995 0.0346506
126996 0.0380015
126997 0.0417548
126998 0.0415058
126999 0.0399594
127000 0.0397219
127001 0.0440165
127002 0.0400986
127003 0.0411498
127004 0.0387726
127006 0.0395904
127017 0.0384953
127022 0.0380023
127023 0.0332226
127024 0.0368833
127025 0.038216
127026 0.0373116
127028 0.036796
127029 0.0294118
127031 0.0384813
127032 0.0367071
127033 0.0340247
127034 0.0399901
127059 0.038987
127061 0.0373577
127062 0.0370015
127064 0.0400875
127065 0.0358365
127066 0.0401788
127067 0.03804
127068 0.0400545
127070 0.0383407
127071 0.0362937
127072 0.0399032
127073 0.0392731
127074 0.0421068
127097 0.0378491
127099 0.0381986
127107 0.0362485
127108 0.036326
127110 0.0374746
127111 0.0361641
127112 0.037998
127113 0.0386679
127114 0.0382844
127115 0.0380532
127116 0.039298
127135 0.0332425
127136 0.0394818
127138 0.0340388
127139 0.0398529
127140 0.0357899
127141 0.0354416
127180 0.130851
127181 0.0163934
127182 0.0397004
127185 0.0438274
127186 0.0320634
127187 0.0354864
127188 0.0387483
127190 0.0415306
127191 0.0369957
127193 0.0373953
127195 0.0343532
127196 0.0388823
127197 0.0375837
127198 0.038876
127199 0.0365822
127221 0.0382516
127222 0.0372175
127224 0.0398401
127228 0.0374462
127229 0.0374493
127231 0.0371988
127234 0.039393
127235 0.0373996
127237 0.0383219
127238 0.0370548
127240 0.0390917
127241 0.0377099
127247 0.0385348
127249 0.0393982
127250 0.039453
127254 0.0452847
127314 0.0454404
127419 0.0381317
127459 0.0450662
127460 0.0447079
127461 0.045762
127462 0.0454185
127465 0.0466533
127467 0.0462016
127472 0.0453508
127473 0.045719
127477 0.0462484
127478 0.0452817
127479 0.0445335
127481 0.046962
127482 0.0450834
127483 0.0453916
127488 0.0473913
127489 0.0456581
127492 0.0454171
127493 0.0449573
127498 0.0466292
127499 0.0451997
127501 0.044639
127502 0.0447865
127503 0.0450031
127504 0.0450895
127506 0.0461281
127507 0.0456593
127508 0.0459265
127509 0.0458414
127510 0.0450766
127512 0.0452957
127513 0.0446766
127518 0.0453363
127521 0.0450995
127523 0.0446239
127524 0.0444461
127525 0.0452463
127527 0.0452418
127531 0.0453293
127532 0.0454098
127534 0.0455994
127535 0.0463248
127536 0.0457488
127537 0.0451831
127538 0.0460699
127539 0.046393
127540 0.0456613
127542 0.0455168
127544 0.0450899
127545 0.0443492
127603 0.0370623
127664 0.0341442
127691 0.0354499
127704 0.0353196
127711 0.0358057
127725 0.0356455
127729 0.0217865
127731 0.0262731
127735 0.0212693
127737 0.0205311
127739 0.0189711
127740 0.0223871
127761 0.0383777
127762 0.0385188
127764 0.0397708
127765 0.039245
127766 0.0414938
127767 0.0390602
127768 0.0408185
127769 0.0405775
127770 0.0401634
127791 0.0392367
127793 0.0385804
127794 0.0398072
127795 0.041392
127796 0.0395198
127797 0.0377553
127798 0.03963
127799 0.0420187
127800 0.0412696
127802 0.0398489
127803 0.0398814
127804 0.0384708
127805 0.0386344
127806 0.0395377
127807 0.0418636
127809 0.0415128
127810 0.0417405
127813 0.0387441
127814 0.0416063
127815 0.0393037
127818 0.0404861
127819 0.042772
127820 0.0389669
127822 0.0391897
127826 0.0399155
127828 0.0400582
127830 0.040765
127831 0.0407483
127832 0.0403865
127833 0.040947
127834 0.0407625
127835 0.0407046
127837 0.0384737
127838 0.0416525
127839 0.0385309
127840 0.0414253
127841 0.0389227
127842 0.0399255
127843 0.0396551
127844 0.0421364
127845 0.0421672
127846 0.0406225
127856 0.040819
127858 0.0404154
127859 0.0409516
127861 0.0413146
127863 0.0411489
127864 0.040482
127865 0.0415536
127866 0.0402013
127867 0.0403805
127870 0.040094
127874 0.0407795
127877 0.0406877
127880 0.0412657
127884 0.0408061
127885 0.0402062
127886 0.0402478
127889 0.0402318
127891 0.0396904
127892 0.0405567
127893 0.04192
127894 0.0408223
127895 0.0396677
127897 0.0403458
127902 0.0209569
127904 0.0241357
127905 0.0211293
127967 0.0404842
127968 0.0414545
127969 0.0411082
127970 0.0413175
127971 0.0413013
127981 0.0405715
127984 0.0405808
127986 0.0408661
127989 0.041072
127990 0.0404629
127991 0.041265
127992 0.0420267
127994 0.0412752
127995 0.040824
127996 0.0417439
127997 0.0410524
127998 0.0408818
127999 0.0406648
128000 0.041945
128001 0.0397198
128003 0.0401628
128004 0.0394457
128005 0.0395994
128006 0.0392353
128007 0.0417263
128008 0.0409413
128009 0.0401314
128010 0.0409017
128011 0.0403424
128012 0.0401238
128017 0.0404137
128019 0.0400516
128020 0.0410478
128021 0.0414612
128022 0.0393533
128024 0.0394002
128025 0.0398674
128029 0.0403509
128030 0.0421425
128031 0.0397827
128032 0.0400961
128035 0.0419714
128036 0.0404803
128040 0.0414237
128043 0.0397126
128044 0.041124
128046 0.0401337
128050 0.039574
128052 0.0393549
128054 0.0400173
128055 0.0393882
128056 0.0399588
128063 0.0420297
128064 0.0393265
128065 0.0401986
128068 0.0245495
128069 0.0249824
128086 0.0381699
128101 0.0351821
128105 0.035742
128106 0.0335934
128109 0.0333276
128111 0.037956
128115 0.0369817
128116 0.0392207
128117 0.0358628
128121 0.0345084
128122 0.0372743
128123 0.0364708
128124 0.0356776
128125 0.0353091
128128 0.0342735
128130 0.0362351
128131 0.0358876
128132 0.0373791
128133 0.0360301
128134 0.0365912
128135 0.0354198
128137 0.0360965
128138 0.0338404
128141 0.036783
128144 0.0353481
128145 0.0357613
128146 0.0358744
128147 0.0347493
128148 0.0360817
128149 0.0361783
128150 0.0368616
128152 0.0369212
128153 0.0358096
128154 0.0353517
128155 0.0415918
128157 0.0414808
128158 0.0399424
128160 0.0400022
128163 0.0397081
128169 0.0402073
128170 0.0410947
128171 0.0405163
128172 0.0402159
128173 0.0391761
128176 0.0401792
128177 0.0401003
128178 0.0404724
128179 0.0399722
128180 0.0403239
128181 0.039966
128182 0.04033
128185 0.0399984
128186 0.041676
128187 0.0402436
128188 0.0411249
128189 0.0399567
128190 0.0402881
128194 0.0406532
128195 0.040076
128197 0.0391184
128198 0.0409725
128199 0.0403689
128200 0.0412512
128201 0.040373
128202 0.040662
128204 0.0405375
128208 0.041182
128210 0.0412
128211 0.0399317
128212 0.0414514
128213 0.0397428
128214 0.0403447
128215 0.0399425
128217 0.0411952
128220 0.0409312
128223 0.0424481
128238 0.0403035
128260 0.0411801
128263 0.0329555
128264 0.0330686
128265 0.0358314
128266 0.0379397
128268 0.0426038
128285 0.0351529
128288 0.0369331
128289 0.0364531
128290 0.0299819
128291 0.0362156
128293 0.0324921
128294 0.0346449
128295 0.0352536
128297 0.0372253
128298 0.0349151
128326 0.043425
128327 0.0420175
128341 0.0400773
128348 0.040731
128350 0.0417508
128351 0.0411827
128354 0.0403905
128356 0.040814
128357 0.041345
128360 0.0406758
128362 0.040782
128363 0.039901
128364 0.0419052
128365 0.040535
128366 0.0395893
128369 0.0398554
128372 0.0408919
128373 0.040677
128376 0.0403614
128377 0.0404527
128378 0.0414569
128379 0.039729
128380 0.0407759
128382 0.0415394
128383 0.038755
128387 0.0411014
128389 0.0403431
128391 0.0416894
128392 0.0401743
128393 0.0404261
128394 0.039698
128395 0.040183
128396 0.0402575
128397 0.0404339
128399 0.0390899
128400 0.0414207
128401 0.0391849
128760 0.0423811
128766 0.0419377
128768 0.0441132
128770 0.0424172
128771 0.0427803
128775 0.0429799
128777 0.0425034
128780 0.0445842
128782 0.0430131
128787 0.0427718
128788 0.042611
128789 0.0418623
128790 0.0423507
128792 0.0418985
128793 0.0422464
128797 0.0436498
128798 0.0413351
128800 0.0426333
128809 0.0421176
128812 0.0416319
128813 0.0427184
128815 0.0435266
128818 0.0424423
128820 0.0426584
128821 0.0425166
128824 0.0407277
128828 0.0424598
128831 0.0417007
128832 0.0433126
128833 0.0409107
128834 0.0429157
128837 0.0430011
128840 0.043952
128841 0.0425562
128842 0.0422499
128846 0.0422861
128849 0.0364395
128852 0.0412435
128856 0.0361901
128857 0.037077
128860 0.036389
128863 0.0363061
128866 0.0384986
128868 0.0356911
128869 0.040386
128870 0.0405626
128871 0.037752
128872 0.0363617
128916 0.0420854
128917 0.0432938
128918 0.0428527
128919 0.0429419
128931 0.0429592
128932 0.0429016
128934 0.0427724
128938 0.0434599
128939 0.0429037
128941 0.0433043
128942 0.043099
128944 0.0428949
128945 0.043591
128949 0.0431204
128950 0.0437024
128951 0.0434155
128952 0.0423244
128953 0.0433136
128954 0.042514
128955 0.0433062
128957 0.0433849
128958 0.0425433
128963 0.04327
128964 0.0425782
128965 0.0424627
128966 0.0430149
128968 0.0429745
128971 0.0430535
128972 0.0431558
128973 0.0431731
128974 0.0436884
128975 0.0438753
128981 0.0431814
128985 0.0442073
128986 0.0425104
128987 0.0426232
128991 0.0430953
128992 0.0423408
128994 0.0426209
128998 0.0430303
129000 0.0424776
129002 0.0401916
129004 0.0401882
129006 0.0401859
129012 0.0404958
129015 0.0404189
129016 0.0402592
129018 0.0376628
129019 0.0396546
129020 0.0404921
129021 0.0398361
129023 0.0403325
129025 0.0395095
129026 0.0403392
129027 0.0400356
129028 0.0409831
129029 0.0407448
129030 0.0403426
129031 0.0423782
129032 0.0406077
129033 0.0430676
129034 0.0432762
129037 0.0431281
129041 0.0448762
129042 0.0428667
129044 0.0439393
129047 0.0428621
129048 0.0432032
129050 0.0427317
129052 0.0444869
129053 0.0414416
129054 0.0430798
129055 0.0429297
129056 0.0436465
129058 0.0434162
129059 0.0430112
129062 0.0424671
129063 0.0371061
129068 0.0360934
129146 0.0425311
129147 0.0427586
129148 0.0427113
129149 0.0427076
129150 0.0421287
129156 0.0418845
129157 0.0413923
129158 0.0431987
129159 0.0430493
129160 0.0423104
129162 0.0418569
129163 0.0430241
129167 0.0426961
129168 0.0425364
129169 0.0433566
129170 0.0419074
129171 0.0428272
129172 0.0431264
129173 0.0423566
129174 0.0425283
129178 0.0428749
129179 0.0432253
129180 0.0418397
129181 0.0451003
129183 0.0427674
129185 0.0422885
129186 0.0434288
129189 0.042792
129191 0.0428886
129192 0.0426109
129193 0.0434689
129194 0.0424273
129195 0.0435709
129196 0.0422808
129197 0.0419861
129200 0.0425219
129202 0.041512
129203 0.042929
129204 0.0436638
129205 0.0430254
129207 0.0427902
129208 0.0422903
129219 0.0368018
129221 0.035149
129521 0.0343369
129607 0.0423771
129731 0.0424539
129732 0.0417171
129733 0.0424059
129734 0.0425523
129737 0.0427926
129738 0.0414043
129739 0.043408
129740 0.0417
129741 0.0440307
129742 0.0429343
129743 0.0424127
129752 0.0439511
129753 0.0435319
129754 0.0423523
129756 0.042555
129757 0.0416473
129758 0.0409611
129760 0.0429135
129761 0.0430308
129762 0.0420817
129763 0.0415264
129764 0.0429067
129768 0.0426764
129769 0.0428879
129771 0.0426702
129772 0.0425936
129773 0.0424433
129774 0.0431309
129775 0.0431046
129778 0.0435923
129780 0.0427375
129781 0.0435563
129783 0.0432867
129784 0.0423585
129786 0.0429812
129787 0.0436856
129788 0.0425043
129789 0.042646
129790 0.0427044
129791 0.0425468
129792 0.0427456
129795 0.0425286
129796 0.0423784
129797 0.0442568
129798 0.0425373
129799 0.0423449
129800 0.042635
129803 0.0429997
129804 0.0428814
129805 0.0434502
129806 0.042981
129808 0.0422485
129809 0.0421616
129811 0.0440275
129812 0.042338
129813 0.0429282
129814 0.0426673
129817 0.0426147
129818 0.0427484
129819 0.0421356
129820 0.0429051
129824 0.0425176
129831 0.0439542
129833 0.0434112
129834 0.0427337
129835 0.0422963
129836 0.0421606
129837 0.0437914
129841 0.0430592
129844 0.034436
129865 0.0390287
130199 0.0364631
130200 0.0356737
130203 0.0357765
130204 0.0359777
130205 0.0367439
130206 0.036056
130207 0.0350559
130209 0.0354946
130210 0.035584
130245 0.0430304
130247 0.0359819
130248 0.0353553
130249 0.0366577
130250 0.0356892
130251 0.0362527
130252 0.0358485
130254 0.0354548
130255 0.0363418
130259 0.0372709
130264 0.0426143
130265 0.0424853
130266 0.0428718
130268 0.0402943
130271 0.0338845
130272 0.0355649
130275 0.0360218
130276 0.0370906
130278 0.0353861
130284 0.0431333
130286 0.0428258
130287 0.0422083
130289 0.0425461
130290 0.0430103
130293 0.0432321
130303 0.0430517
130306 0.0433681
130307 0.0416536
130308 0.0429732
130310 0.0425526
130312 0.044236
130315 0.0426163
130316 0.0431069
130317 0.0421604
130318 0.0419657
130319 0.0434374
130320 0.0417658
130324 0.0424378
130328 0.0420939
130329 0.0430192
130332 0.0429668
130335 0.0423618
130338 0.0423343
130339 0.0419147
130343 0.042218
130346 0.0427145
130347 0.0412493
130348 0.0423107
130350 0.0426175
130351 0.0419139
130352 0.0425073
130355 0.0408498
130357 0.0408031
130358 0.0419806
130359 0.0423753
130360 0.0427867
130364 0.042586
130366 0.0439556
130367 0.04265
130369 0.0420132
130372 0.0429288
130374 0.0420186
130375 0.0419493
130379 0.0439783
130384 0.044338
130386 0.0422214
130387 0.0423718
130389 0.043269
130391 0.0431435
130392 0.0426321
130394 0.0428171
130395 0.0423857
130398 0.0411097
130399 0.0422688
130400 0.0419719
130401 0.042356
130402 0.0425451
130403 0.0437511
130404 0.0425151
130405 0.0417638
130406 0.0427181
130408 0.0430617
130409 0.0423742
130420 0.0366733
130421 0.0361699
130423 0.036234
130424 0.0370102
130425 0.0335217
130426 0.0366661
130427 0.0344639
130429 0.0350722
130460 0.0349188
130461 0.0358212
130462 0.0359777
130463 0.0364811
130464 0.0369064
130467 0.0359069
130469 0.035926
130470 0.0357666
130472 0.042575
130473 0.0432363
130474 0.0410188
130475 0.0427399
130476 0.0422806
130478 0.0436608
130482 0.0426174
130484 0.0429998
130485 0.0421789
130486 0.0437202
130488 0.042814
130489 0.0429344
130490 0.0423774
130491 0.0425313
130492 0.0418267
130494 0.0428938
130495 0.0431216
130497 0.0429085
130500 0.0438543
130501 0.0432701
130502 0.0429198
130503 0.0429181
130505 0.0433141
130506 0.0425117
130507 0.0431559
130508 0.0430175
130509 0.0414991
130511 0.0430043
130512 0.0427226
130514 0.0423302
130515 0.0422454
130517 0.0434043
130518 0.0427523
130521 0.042552
130523 0.0423046
130525 0.0426621
130527 0.0430176
130529 0.0432848
130530 0.0430799
130531 0.0421628
130533 0.0420837
130535 0.0421158
130536 0.0416522
130537 0.0428291
130541 0.0427508
130542 0.0430194
130543 0.0416719
130546 0.0416337
130547 0.043188
130548 0.0428715
130554 0.0440318
130556 0.0424866
130557 0.0431638
130559 0.0429443
130561 0.0425599
130562 0.0427047
130564 0.0417521
130567 0.0428536
130569 0.0425123
130572 0.0426268
130573 0.0425962
130586 0.0424765
130588 0.0434537
130590 0.0416809
130591 0.0444268
130593 0.0423599
130595 0.0420282
130597 0.0421451
130600 0.0427384
130602 0.0419221
130604 0.043255
130605 0.0431021
130606 0.0422564
130607 0.0428664
130609 0.0421478
130610 0.0426863
130611 0.0433553
130614 0.036084
130616 0.0359185
130626 0.0341499
130628 0.0357569
130629 0.0371136
130630 0.0338874
