125149
125151
125153
125154
125155
125179
125183
125184
125187
125188
125189
125190
125191
125192
125193
125194
125197
125198
125199
125200
125202
125205
125206
125207
125209
125212
125213
125214
125215
125217
125222
125224
125225
125226
125227
125264
125303
125312
125316
125317
125318
125325
125326
125327
125329
125331
125337
125338
125339
125340
125343
125344
125345
125346
125347
125348
125351
125353
125354
125357
125358
125360
125361
125362
125363
125364
125366
125367
125368
125369
125370
123821
123822
123823
123826
123829
123830
123831
123833
123836
123837
123839
123840
123841
123842
123843
123844
123845
123847
123849
123850
123851
123852
123853
123858
123859
123860
123862
123863
123864
123865
123866
123867
123868
123869
123871
123872
123873
123963
123964
123965
123966
123969
123970
123971
123972
123973
123974
123976
123977
123979
123980
123981
123982
123984
123985
123986
123987
123991
123992
123993
123994
123995
123996
123997
123998
124001
124007
124008
124010
124011
124012
124013
124014
124016
124017
124019
124092
124142
124144
124146
124149
124150
124152
124153
124154
124155
124156
124159
124162
124165
124166
124167
124170
124171
124172
124173
124174
124175
124176
124177
124178
124179
124181
124185
124186
124188
124190
124192
124193
124194
124328
124329
124333
124334
124335
124336
124337
124338
124339
124341
124343
124344
124346
124347
124348
124349
124350
124351
124352
124353
124354
124359
124360
124361
124363
124364
124365
124368
124369
124372
124373
124374
124375
124376
124377
123193
123196
123197
123198
123200
123201
123202
123610
123611
123612
123615
123616
123617
123618
123619
123620
123621
123623
123624
123631
123632
123633
123635
123636
123637
123638
123639
123640
123641
123643
123644
123645
123646
123647
123648
123650
123651
123652
123653
123654
123656
123658
123659
124479
124480
124481
124484
124486
124490
124491
124492
124493
124495
124496
124497
124498
124499
124500
124502
124505
124506
124507
124508
124509
124510
124513
124515
124516
124517
124518
124519
124522
124523
124524
124525
124526
124527
124671
124672
124673
124674
124675
124676
124677
124679
124680
124681
124684
124685
124687
124688
124690
124691
124699
124701
124702
124704
124705
124706
124707
124708
124709
124712
124713
124714
124716
124718
124719
124711
124822
124823
124824
124828
124836
124845
124849
124851
124852
124853
124855
124856
124860
124861
124862
124863
124864
124865
124870
124871
124875
124877
124831
126831
126858
126859
126862
126866
126868
126869
126870
126871
126874
126875
126877
126878
126879
126880
126881
126882
126883
126890
126892
126893
126894
126895
126906
126907
126909
126911
126912
126914
126915
127251
127257
127261
127262
127263
127264
127266
127267
127268
127269
127270
127271
127272
127273
127278
127279
127280
127283
127285
127287
127289
127290
127291
127294
127295
127296
127297
127304
127306
127307
127308
127312
127315
127317
127318
127319
127320
127321
127322
127325
127327
127328
127329
127330
126496
126499
126503
126505
126506
126507
126508
126509
126510
126511
126513
126514
126520
126521
126527
126528
126531
126532
126535
126536
126540
126541
126542
126546
126552
126554
126555
126556
126557
126559
126562
126563
126564
126566
126568
126575
126577
126578
126579
126581
129535
129536
129538
129539
129540
129541
129545
129549
129550
129551
129552
129553
129564
129566
129567
129568
129572
129573
129574
129575
129576
129579
129580
129582
129591
129611
129617
129618
129619
129620
129623
129626
129629
129630
129631
129632
129633
129635
129637
129638
129641
129643
129644
129645
129646
129648
129649
129651
129652
129653
129655
129656
129659
129660
122079
122092
122093
122094
122097
122098
122099
122101
122102
122105
122108
122109
122111
122112
122114
122116
122117
122118
122123
122124
122125
122126
122127
122129
122132
122133
122134
122136
122137
122138
122139
122141
122142
122143
122146
122147
122263
122274
122275
122276
122277
122278
122279
122280
122281
122283
122285
122286
122287
122288
122289
122291
122292
122293
122296
122297
122298
122300
122301
122305
122306
122307
122309
122310
122312
122313
122314
122315
122317
122319
122321
122322
122323
122437
122439
122440
122443
122445
122447
122448
122450
122452
122453
122454
122455
122461
122462
122464
122465
122466
122467
122468
122469
122471
122472
122473
122480
122576
122577
122579
122608
122610
122613
122614
122615
122616
122618
122619
122620
122623
122625
122626
122628
122629
122630
122631
122632
122634
122640
122641
122642
122643
122646
122647
122648
122649
122650
122652
122653
122654
122657
122658
122661
122665
122667
122672
122673
122812
122813
122815
122816
122819
122820
122821
122823
122824
122825
122826
122827
122829
122830
122831
122832
122833
122835
122838
122841
122842
122843
122844
122845
122846
122847
122853
122855
122856
122858
122859
122860
123020
123021
123022
123023
123024
123025
123026
123027
123028
123029
123034
123035
123036
123038
123039
123040
123041
123042
123043
123044
123048
123049
123050
123051
123052
123054
123055
123056
123058
123059
123060
123062
123063
123065
121916
121917
121918
121920
121924
121925
121927
121928
121929
121930
121932
121933
121936
121939
121940
121943
121944
121946
121948
121949
121950
121951
121952
121953
121962
121963
121965
121966
121968
121969
121970
121972
121973
121974
