121916 0.0408683
121917 0.039648
121918 0.0396702
121920 0.040457
121924 0.0402172
121925 0.0407558
121927 0.0409379
121928 0.040429
121929 0.0406729
121930 0.0401375
121932 0.0371811
121933 0.0409649
121936 0.0397771
121939 0.0403878
121940 0.0399309
121943 0.0393282
121944 0.0397209
121946 0.0384729
121948 0.0398865
121949 0.04023
121950 0.0390984
121951 0.0395438
121952 0.0397278
121953 0.0393373
121962 0.0397622
121963 0.0388948
121965 0.0405441
121966 0.0401457
121968 0.0402874
121969 0.039977
121970 0.039838
121972 0.0397716
121973 0.0413472
121974 0.0393353
122079 0.0380857
122092 0.0372882
122093 0.0376471
122094 0.0361051
122097 0.0387512
122098 0.038507
122099 0.0382831
122101 0.0381145
122102 0.0385458
122105 0.0377296
122108 0.0390371
122109 0.0408875
122111 0.0399173
122112 0.0399807
122114 0.0407591
122116 0.0412954
122117 0.0400227
122118 0.0408785
122123 0.0408821
122124 0.0402573
122125 0.0394242
122126 0.0397715
122127 0.0414524
122129 0.0407431
122132 0.0418056
122133 0.0405843
122134 0.0392162
122136 0.0408697
122137 0.0395116
122138 0.0405926
122139 0.0404232
122141 0.0407827
122142 0.0401719
122143 0.0411671
122146 0.0408106
122147 0.0411971
122263 0.0419493
122274 0.0403798
122275 0.0401666
122276 0.0388882
122277 0.0395855
122278 0.0381758
122279 0.0409534
122280 0.0399583
122281 0.0400188
122283 0.0400494
122285 0.0402178
122286 0.0393196
122287 0.0402044
122288 0.0387621
122289 0.0387654
122291 0.041651
122292 0.0402564
122293 0.0394129
122296 0.039682
122297 0.0391215
122298 0.0393579
122300 0.0397204
122301 0.0399835
122305 0.0380445
122306 0.0386803
122307 0.0383829
122309 0.0388371
122310 0.0384458
122312 0.0388521
122313 0.0397067
122314 0.0400695
122315 0.0393715
122317 0.0379569
122319 0.0384261
122321 0.038851
122322 0.0389209
122323 0.0394959
122437 0.0433783
122439 0.0405217
122440 0.04116
122443 0.0409934
122445 0.0417964
122447 0.0424283
122448 0.0420387
122450 0.0413268
122452 0.0414203
122453 0.0415126
122454 0.0414507
122455 0.0416617
122461 0.0416116
122462 0.0442443
122464 0.0418082
122465 0.0409098
122466 0.0407296
122467 0.0422495
122468 0.0414673
122469 0.0410992
122471 0.0414888
122472 0.0415209
122473 0.0412988
122480 0.0405651
122576 0.0383908
122577 0.040778
122579 0.0395097
122608 0.040788
122610 0.0414651
122613 0.0412253
122614 0.0406009
122615 0.0408187
122616 0.0413131
122618 0.0416454
122619 0.0420495
122620 0.0409917
122623 0.0431882
122625 0.0416015
122626 0.0408675
122628 0.0426969
122629 0.0408828
122630 0.0415707
122631 0.0383592
122632 0.0394314
122634 0.0399113
122640 0.041152
122641 0.0423961
122642 0.0404881
122643 0.0412124
122646 0.0407675
122647 0.0388654
122648 0.0421253
122649 0.0414952
122650 0.0411549
122652 0.0419613
122653 0.0412085
122654 0.0405871
122657 0.0421954
122658 0.0402624
122661 0.0408474
122665 0.0410256
122667 0.0398503
122672 0.040576
122673 0.0405278
122812 0.0408021
122813 0.0417748
122815 0.0400762
122816 0.0405887
122819 0.0392537
122820 0.0404624
122821 0.0395493
122823 0.0406673
122824 0.0405414
122825 0.0412606
122826 0.0415831
122827 0.0411024
122829 0.0404626
122830 0.040485
122831 0.0406013
122832 0.0409451
122833 0.0420005
122835 0.0413829
122838 0.0412282
122841 0.0407818
122842 0.0405468
122843 0.0404098
122844 0.0404452
122845 0.0406097
122846 0.0399436
122847 0.0406274
122853 0.0389844
122855 0.0411667
122856 0.0435667
122858 0.0402916
122859 0.0409051
122860 0.0404646
123020 0.0410902
123021 0.040359
123022 0.0421807
123023 0.0409118
123024 0.0414304
123025 0.041363
123026 0.0417636
123027 0.040751
123028 0.0407781
123029 0.0414535
123034 0.0397276
123035 0.0426043
123036 0.0404735
123038 0.0421103
123039 0.0409946
123040 0.0409421
123041 0.0413526
123042 0.0410516
123043 0.0401116
123044 0.0398893
123048 0.0401673
123049 0.0406775
123050 0.0412227
123051 0.0409667
123052 0.0411231
123054 0.0400166
123055 0.0399772
123056 0.0390403
123058 0.0408416
123059 0.0408472
123060 0.040764
123062 0.0406043
123063 0.0400816
123065 0.0407167
123193 0.0404685
123196 0.0411446
123197 0.0417493
123198 0.0423822
123200 0.0413328
123201 0.0418941
123202 0.0413671
123610 0.0456532
123611 0.0455607
123612 0.0452746
123615 0.0452594
123616 0.046097
123617 0.0460197
123618 0.0453856
123619 0.0452652
123620 0.0451876
123621 0.0459887
123623 0.0458494
123624 0.0456066
123631 0.0448578
123632 0.0461557
123633 0.0454313
123635 0.045895
123636 0.0462418
123637 0.0449093
123638 0.0449048
123639 0.0457741
123640 0.04587
123641 0.045994
123643 0.0455052
123644 0.0450988
123645 0.0462332
123646 0.046073
123647 0.0456344
123648 0.0465274
123650 0.0454874
123651 0.046084
123652 0.046082
123653 0.0460589
123654 0.0453933
123656 0.0456948
123658 0.0462324
123659 0.0464284
123821 0.0445892
123822 0.0450821
123823 0.0454975
123826 0.0458684
123829 0.0453456
123830 0.0451373
123831 0.0455454
123833 0.0457231
123836 0.0455712
123837 0.0453576
123839 0.045568
123840 0.0453169
123841 0.0454462
123842 0.0448202
123843 0.0455227
123844 0.0460073
123845 0.0455542
123847 0.0448618
123849 0.0455876
123850 0.0448693
123851 0.0451955
123852 0.0455677
123853 0.0449963
123858 0.0459112
123859 0.0451415
123860 0.0453157
123862 0.0453879
123863 0.0458628
123864 0.0444608
123865 0.0448835
123866 0.0459445
123867 0.0452057
123868 0.0449098
123869 0.0454955
123871 0.045488
123872 0.045214
123873 0.0455618
123963 0.0451675
123964 0.0445154
123965 0.045724
123966 0.0445651
123969 0.0454678
123970 0.0457321
123971 0.045458
123972 0.0449769
123973 0.0453503
123974 0.066814
123976 0.0662607
123977 0.0666577
123979 0.0668356
123980 0.0675213
123981 0.0670234
123982 0.0686802
123984 0.0684461
123985 0.0692345
123986 0.0689461
123987 0.068447
123991 0.0470451
123992 0.0468639
123993 0.0470301
123994 0.0474849
123995 0.0476289
123996 0.047608
123997 0.0479193
123998 0.047424
124001 0.046686
124007 0.0464272
124008 0.0473933
124010 0.0453964
124011 0.0456565
124012 0.0455704
124013 0.0453416
124014 0.0459749
124016 0.0450529
124017 0.0448783
124019 0.0445936
124092 0.044942
124142 0.0453801
124144 0.0454524
124146 0.0456041
124149 0.0448897
124150 0.0452298
124152 0.0453531
124153 0.0448957
124154 0.0449533
124155 0.0454604
124156 0.0448928
124159 0.0454519
124162 0.0451048
124165 0.044824
124166 0.0448685
124167 0.0451644
124170 0.0453071
124171 0.0449948
124172 0.044829
124173 0.0447705
124174 0.045143
124175 0.0449823
124176 0.0455734
124177 0.0445133
124178 0.0448086
124179 0.0450667
124181 0.045707
124185 0.0462492
124186 0.0453928
124188 0.0447601
124190 0.0449844
124192 0.044565
124193 0.044976
124194 0.0448037
124328 0.0456549
124329 0.0461013
124333 0.0460455
124334 0.0469372
124335 0.0459074
124336 0.0458633
124337 0.0457199
124338 0.0457682
124339 0.0459049
124341 0.0469694
124343 0.046172
124344 0.0458351
124346 0.0458194
124347 0.045441
124348 0.0459064
124349 0.045994
124350 0.0452977
124351 0.0457055
124352 0.0456425
124353 0.0457686
124354 0.0451545
124359 0.0456816
124360 0.0451979
124361 0.0457315
124374 0.0453664
124375 0.0459771
124376 0.0456391
124377 0.0458676
124479 0.0396857
124480 0.0403431
124481 0.0441626
124484 0.0447812
124486 0.0440376
124490 0.0442116
124491 0.0437922
124492 0.0440767
124493 0.044391
124495 0.0446353
124496 0.0448141
124497 0.0437867
124498 0.0439137
124499 0.0443888
124500 0.0443052
124502 0.0442708
124505 0.043883
124506 0.0434802
124507 0.0443416
124508 0.0442424
124509 0.0442224
124510 0.0431474
124513 0.044178
124515 0.0436833
124516 0.0445393
124517 0.0437308
124518 0.0443542
124519 0.043379
124522 0.0772968
124523 0.0450524
124524 0.0458655
124525 0.0460806
124526 0.0455524
124527 0.0452687
124671 0.0447347
124672 0.0446714
124673 0.0451051
124674 0.0453772
124675 0.0453027
124676 0.045019
124677 0.0454848
124679 0.0461637
124680 0.044981
124681 0.0453591
124684 0.0453759
124685 0.0451403
124687 0.0455551
124688 0.0450504
124690 0.0456921
124691 0.0453184
124699 0.045552
124701 0.0456147
124702 0.0455215
124704 0.0451841
124705 0.0450011
124706 0.045136
124707 0.0457262
124708 0.0447964
124709 0.0458161
124711 0.0460853
124712 0.045509
124713 0.0458527
124714 0.0452583
124716 0.0452057
124718 0.0449042
124719 0.0454595
124822 0.0460524
124823 0.0460516
124824 0.0459507
124828 0.0459049
124831 0.0451335
124836 0.0453922
124845 0.0458467
124849 0.0453105
124851 0.0447869
124852 0.0446701
124853 0.0445646
124855 0.0451137
124856 0.045275
124860 0.045025
124861 0.0451922
124862 0.0449614
124863 0.0446884
124864 0.0452612
124865 0.0452302
124870 0.0451982
124871 0.0454982
124875 0.0446203
124877 0.0453246
125149 0.0457496
125151 0.045477
125153 0.0456032
125154 0.0455561
125155 0.0453502
125179 0.0445513
125183 0.0448092
125184 0.0446827
125187 0.0451179
125188 0.0448727
125189 0.0449826
125190 0.0448444
125191 0.0443336
125192 0.0448679
125193 0.044785
125194 0.0453743
125197 0.0454358
125198 0.0446346
125199 0.0462199
125200 0.0447211
125202 0.0445361
125205 0.0449477
125206 0.0453615
125207 0.0449876
125209 0.0441459
125212 0.0451884
125213 0.0442904
125214 0.044829
125215 0.0451434
125217 0.0443516
125222 0.0451932
125224 0.0453287
125225 0.0452972
125226 0.0440178
125227 0.0450149
125264 0.0453255
125303 0.0450539
125312 0.0451587
125316 0.0454798
125317 0.0452894
125318 0.0445576
125325 0.0456493
125326 0.0454073
125327 0.0458801
125329 0.0455678
125331 0.0450982
125337 0.0457752
125338 0.044664
125339 0.0454837
125340 0.0453839
125343 0.0449741
125344 0.044952
125345 0.0454482
125346 0.0452204
125347 0.0453418
125348 0.0442172
125351 0.0446993
125353 0.0451066
125354 0.045184
125357 0.0445281
125358 0.0449683
125360 0.0457373
125361 0.0451778
125362 0.0459564
125363 0.0441771
125364 0.0449991
125366 0.0452138
125367 0.0448457
125368 0.045124
125369 0.0441394
125370 0.0446272
126496 0.0412869
126499 0.0419374
126503 0.0445111
126505 0.0458009
126506 0.0451974
126507 0.0448205
126508 0.0442166
126509 0.0438152
126510 0.0436095
126511 0.0434542
126513 0.0436726
126514 0.0438582
126520 0.0446729
126521 0.0455845
126527 0.04437
126528 0.043193
126531 0.0448524
126532 0.0450108
126535 0.04522
126536 0.0443882
126540 0.0445948
126541 0.0443144
126542 0.0434304
126546 0.044385
126552 0.0443302
126554 0.0452626
126555 0.0442069
126556 0.044403
126557 0.0447377
126559 0.0443783
126562 0.0449139
126563 0.0442081
126564 0.044104
126566 0.0446292
126568 0.0438517
126575 0.0448717
126577 0.0454243
126578 0.0445232
126579 0.0436817
126581 0.0444618
126831 0.0431448
126858 0.0453914
126859 0.0452021
126862 0.0452956
126866 0.0433479
126868 0.0434046
126869 0.0433673
126870 0.0439446
126871 0.0432961
126874 0.0435672
126875 0.0426762
126877 0.0420388
126878 0.0437508
126879 0.0427382
126880 0.0433256
126881 0.0436939
126882 0.0429916
126883 0.0436092
126890 0.0439276
126892 0.0435415
126893 0.0437194
126894 0.0454744
126895 0.044288
126906 0.0423692
126907 0.0420558
126909 0.0442461
126911 0.043551
126912 0.0431587
126914 0.0437463
126915 0.0432246
127251 0.0457965
127257 0.0456319
127261 0.0448451
127262 0.0460341
127263 0.0436832
127264 0.0461
127266 0.0453372
127267 0.04725
127268 0.0458298
127269 0.04613
127270 0.0461799
127271 0.0454538
127272 0.0457165
127273 0.0453558
127278 0.0446672
127279 0.0448422
127280 0.0440041
127283 0.0452387
127285 0.0460837
127287 0.0440255
127289 0.0449952
127290 0.0438282
127291 0.0446022
127294 0.0438111
127295 0.0450573
127296 0.0437033
127297 0.0449488
127304 0.0453013
127306 0.0442024
127307 0.0445833
127308 0.0449935
127312 0.0444992
127315 0.0437557
127317 0.044079
127318 0.0434506
127319 0.0447606
127320 0.0442276
127321 0.0465724
127322 0.0449429
127325 0.0454767
127327 0.045389
127328 0.0453566
127329 0.0446703
127330 0.0447122
129535 0.0434241
129536 0.0442332
129538 0.0435512
129539 0.0442998
129540 0.0442021
129541 0.0454879
129545 0.0441199
129549 0.0441013
129550 0.0440227
129551 0.0448897
129552 0.0437945
129553 0.0418122
129564 0.0441705
129566 0.0444836
129567 0.0443194
129568 0.0437859
129572 0.0443425
129573 0.0428408
129574 0.0448639
129575 0.0440936
129576 0.0437033
129579 0.0447135
129580 0.0422876
129582 0.0442636
129591 0.0454919
129611 0.0445516
129617 0.045037
129618 0.0447024
129619 0.0441703
129620 0.0446348
129623 0.0443286
129626 0.0437622
129629 0.0438235
129630 0.0445091
129631 0.0442527
129632 0.0445968
129633 0.043754
129635 0.0445391
129637 0.0451273
129638 0.0453218
129641 0.0443633
129643 0.0451211
129644 0.0445353
129645 0.0433786
129646 0.0444724
129648 0.0448421
129649 0.0442041
129651 0.0441165
129652 0.0433237
129653 0.0437463
129655 0.0440984
129656 0.043901
129659 0.0453287
129660 0.0441593
