125119
125120
125121
125122
125125
125126
125127
125254
125255
125256
125257
125259
125260
125261
125262
125285
125286
125287
125290
125291
125293
125294
125295
125305
125307
125309
125310
125311
123781
123782
123783
123784
123786
123787
123789
123790
123792
124080
124081
124084
124085
124086
124087
124089
124091
124102
124103
124106
124107
124109
124110
124111
124112
124281
124282
124289
124290
124291
124293
124294
124296
124327
123164
123165
123166
123167
123168
123169
123170
123172
123175
123176
123178
123596
123597
123598
123599
123600
123601
123602
123603
123604
123606
123607
123608
124436
124437
124440
124444
124445
124448
124449
124450
124452
124625
124626
124629
124630
124632
124633
124639
124640
124641
128303
128305
128306
128307
128309
128310
128312
128313
128314
128315
128316
127588
127589
127592
127594
127598
127600
127601
127602
127606
127610
127611
127612
127613
127615
127924
127925
127927
127928
127931
127932
127933
127958
127959
127961
127962
127963
126776
126777
126778
126779
126780
126782
126783
126814
126815
126817
126821
126823
126824
126825
126429
126431
126432
126433
126434
126435
126436
126449
126451
126453
126454
126460
126461
126462
126464
126465
126467
126469
122064
122066
122069
122070
122071
122072
122073
122074
122076
122077
122245
122246
122247
122249
122251
122252
122253
122256
122409
122410
122411
122412
122413
122414
122415
122416
122536
122537
122538
122539
122540
122541
122542
122545
122548
122549
122550
122551
122555
122556
122557
122559
122560
122562
122563
122564
122766
122767
122768
122769
122770
122772
122773
122776
122777
122778
122779
122780
122781
122993
122995
122996
122998
122999
123001
123002
123003
123004
121887
121889
121890
121892
121897
121898
