-0.00167577
0.0105049
0.011353
0.000269844
0.000800899
-0.00248973
-0.0130365
-0.0381785
-0.00010472
-0.00018994
0.0217577
0.000116904
0
4.90533e-05
-0.043585
-0.000237209
-0.00563094
-0.000955862
-0.00906509
-0.0982991
0.0409914
-0.00718686
0.00535147
0.000707074
0.288271
1.86583e-05
0.00408842
-0.00724431
0.894807
-0.120407
4.15896e-05
0.00246914
7.73415e-05
-0.0022573
-0.000168056
0.000548546
0.00162135
0.00569331
0.00327412
0.997757
-0.000281492
-0.000779597
-0.200289
-0.0146129
0.000486902
0.000386439
-0.0804633
-0.0267479
1.79298e-05
-0.156945
0.000353045
-0.000931708
0.00363387
-0.0215664
-0.00647039
1
0.00220458
-0.018568
0.384245
-0.0905343
0.00441435
-0.317775
0.0103191
4.73586e-05
-0.0139917
0.0225362
0.000608684
0.00332463
0.00603219
-25.5284
0.000989061
0.5757
-0.176297
0.000320283
0.0150925
0.00303851
0.00948416
-0.00576636
-8.97344e-05
-0.00742922
0.0245109
-0.00132114
0.013946
0.00508977
0.000825863
-0.00379832
1
-0.00402524
-0.0121035
0.00785839
-0.000114012
-2.97283e-05
0.00309624
0.0181102
0.00139109
1
-0.000588857
0.00455346
6.13798e-05
-0.0201069
0.0648768
-0.0390483
0.000206911
0.00633558
0.658722
-0.00185773
-0.000101504
2.07078e-05
-0.06019
-0.00777952
0.405368
0.0115051
-43.2162
0.000918632
0.612228
-0.00453957
0.979995
0.0141218
-0.00799497
0.0113659
-0.00320635
1
-0.00529291
0.00062461
0.00275789
0.000423146
2.47525e-05
0.990974
1
0.00356795
0.011753
-0.00221464
-7.00354e-05
0.220539
0.00188029
0.000390498
-0.000326784
0.000657228
-0.0269041
-0.0161619
0.000197059
-0.0120244
0.00586041
-0.00154884
-0.00829008
0.00784333
-0.00124753
0.00209173
0.00154753
0.00159375
-0.0518348
-1.49114e-05
0.00693658
-0.000198002
0.00955945
-0.0033455
0.272814
-5.14483e-05
0.000445624
0.00259522
-0.000299451
-0.00372515
0.00123007
0.00173844
0.745335
1
-0.0100485
-0.00431946
0.000886949
-0.0597801
-0.0784682
-0.0018792
0.000423722
0.000721957
-0.00164519
1
0.000198835
1
-22.5459
0.0356348
-0.0142424
-18.1476
0.000627456
2.55141e-05
0.292464
3.35285e-05
-0.00948059
-0.00222362
-5.79576e-05
0.000348264
0.0153153
-4.89428e-05
-0.000671793
0.000294803
-0.0432006
-0.00284192
-0.00684191
0.768408
-0.0136402
0.000427117
-0.00942441
0.00868532
6.55802e-05
-0.00147183
0.0131228
0.000662374
0.00105551
-0.000457747
8.0823e-05
0.00348831
-0.00985103
-0.000495519
0.0399143
-0.00786424
0.00182008
-0.00111529
0.000805081
3.21693e-05
-0.0380323
-0.0466958
-0.0203274
0.000177242
-0.000213402
-0.00127231
-0.00043392
-0.017205
0.0140618
0.0146195
0.000730994
-0.00990962
0.000936877
0.000160271
0.00516763
0.000806912
0.00127088
0.000137498
1
0.000153172
0.889552
-0.117334
-0.00454338
-0.00113724
0.973928
0.000803382
-0.0282279
0.051781
-2.73439e-05
-1.57463
0.00142332
-0.00631091
-0.000931758
0.000858501
-0.00497446
-0.00316589
0.0164364
0.961509
-0.00954409
0.00140793
0.00652023
0.00399286
-0.0278229
-0.00623797
0.00366312
-0.000391809
1
1
-0.00615615
0.00432212
-0.0122585
0.0117563
-0.640928
0.00640455
0.0492955
0.00227748
0.0621782
0.00130065
1.56191e-05
-0.000369197
0.107989
0.024732
1
0.000151849
1
1
0.000773496
0.723887
-0.00161404
-0.00241086
-0.00131268
0.829571
-93.1662
0.026643
0.137706
-12.1023
-0.00292918
-0.0106161
-0.000855021
-0.0301232
0.0163513
-0.048449
0.0027964
0.000298408
0.000202981
-0.000173671
0.00510555
3.90503e-05
6.01516e-05
-0.00310297
0.00111633
7.71397e-05
-0.00156684
-0.00267037
0.00330046
0.000607777
0.00493047
-0.000659068
0.00926532
-0.0109103
0.00454201
0.00312567
1
0.0109689
0.000515059
0.0225438
-0.00507787
-0.00174592
0.00579226
0.00528901
0.00144338
9.67505e-05
5.33796e-05
0.0164504
3.89029e-05
0.00206641
0.00910719
0.0461897
0.00585895
0.00690577
0.000384348
-0.022804
0.005676
-0.000970621
-0.00193091
-0.00138677
-0.0102927
0
0.000952711
-2.56667e-05
5.04371e-05
0.000182036
0.000898525
0.00457121
-0.0808692
1
0.000184177
0.301713
-0.000495241
1
-0.00275996
-0.00712295
-0.00363151
6.63658e-05
0.0128447
6.68807e-05
-0.0542967
0.0369079
0.00012832
0.000330566
0.00288682
-0.00285633
0.000833069
0.000731085
-0.581853
-0.00411545
-0.00285543
