1
-0.000455661
-0.000122418
0.017264
0.0969459
0.00116574
0.0114748
0.381596
-0.00470237
0.0400719
-0.0185939
0.0464478
0.401832
-0.0378187
-5.73411e-05
0.00707959
0.00603104
-0.0130479
0.00941753
0.00347605
0.012338
0.29476
0.00207838
0.000625234
-0.4807
0.000258598
0.0160707
-0.400683
0.733372
0.0143919
-0.0696737
0.0200635
0.513136
0.988098
-0.00612895
0.051224
0.0260083
0.00206656
-0.00955301
-0.0045783
-0.0475104
0.272946
0.00401552
0.0733135
0.346652
0.481973
0.0162143
1
0.0273768
-0.080597
0.0191448
7.80153e-05
0.120637
1
-0.018396
0.0163899
0.46983
0.00110031
0.448552
0.30297
0.0219066
-0.0673502
1
0.0204023
0.000571061
0.0401255
0.00903826
0.00192483
-0.000194084
0.381821
0.00234941
-0.0561157
-0.0220778
0.438849
0.000727096
0.000507377
-0.00191684
0.0157477
0.000347321
0.110125
0.00351708
0.0527786
0.0416064
0.426879
0.650037
0.000184454
0.0191308
-0.0549686
-0.00235789
0.00261738
-0.140983
0.226015
0.694787
0.357775
0.807347
-0.000481232
-0.0214127
0.00549695
0.00181455
0.0124968
0.0741876
-0.00510834
-0.00805164
0.0203433
0.0165694
-0.0119856
0.020495
0.0225937
-0.00511608
-0.172611
0.000222953
-0.0264457
0.00123753
-0.0327376
0.00539841
0
0.414565
-0.00129717
-0.00147425
0.00886971
0.0235326
-0.00348192
-0.000714054
-0.213215
0.0382356
0.896149
0.115299
-0.00693112
-0.0147113
0.307979
0.000138796
0.15669
0.000106059
0.000177052
0.0280304
-0.000665538
0.00140079
0.0234088
0.701814
0.696069
0.0154473
0.000116886
0.0797179
0.000255671
0.350416
-0.0423535
0.00741436
0.657164
0.000481506
-0.00175713
-0.0677574
1
-0.0332347
0.00515556
-0.153475
0.694097
0.0349069
0.0175814
0.0153875
0.000800128
0.0935114
0.0741014
-3.21993
0.0145435
0.481259
0.371819
-0.0882309
-0.0887526
0.0135529
-31.5089
0.00371268
0.214594
0.00811097
0.000147353
0.000123962
1
0.143672
-0.000488349
0.0916167
0.084584
-6.22678e-05
-0.00354243
0.00280012
2.98125e-05
0.237392
0.00634982
-0.0266899
0.99832
-0.0827272
0.00282833
1
-0.0303926
-0.0069075
0.603647
-0.201528
0.242355
0.0343365
0.0556544
0.0272613
-0.386704
-0.00301189
0.365352
0.0121791
0.0217737
-0.00170855
-0.00508667
0.0246804
0.175098
0.0122964
0.599656
-0.0236173
-0.0874595
0.00900385
0.710334
0.552914
0.0169127
0.76258
0.0728966
0.0217274
0.13218
-0.511578
0.00665913
0.0502505
0.975257
0.0230212
0.000832396
0.00192623
0.00373788
6.86405e-05
0.00297
0.00742249
0.0201826
0.0475095
1
0.00795148
-0.00629971
0.00548784
0.00654577
-0.222243
0.301794
-0.0191708
-0.0197705
0.250538
1
0.979851
0.0955527
-0.00513138
0.0163841
0.0110674
0.0160988
1
0.00384468
0.00169294
-0.000141407
-0.00201706
0.109693
-0.311386
0.428743
0.294752
-0.00176598
-0.038429
0.0158559
0.00198164
0.0015781
-0.0146104
0.00671429
-0.76173
0.954503
-0.0105006
0.16875
0.999948
0.00186082
-0.00104246
-0.00132176
0.0614578
-0.00553033
0.00524032
0.139554
-0.0907937
0.00445496
-0.000174335
0.0866089
-67.4439
0.3726
0.354722
0.958146
-0.0448768
0.0217523
0.0631504
0.0218296
-0.0117381
0.0150496
-0.0171373
0.0258428
0.00274816
-0.000618348
0.0450249
0.00902062
0.00652518
0.0893695
0.0173746
0.614753
1
0.0303673
0.833948
0.308586
1
0.00437219
0.000988003
0.655937
0.00298264
0.179411
0.118188
0.00467567
0.060244
-0.00134107
0.00739407
0.026165
0.151788
0.351482
-0.00698078
-0.00265126
0.927101
-3.2458e-05
0.00138175
0.00665268
-0.141821
6.71592e-05
-0.0258822
0.550553
0.0511811
0.00446515
0.944696
0.00329068
0.0530719
0.187784
0.00309559
0.000237963
-0.00326596
0.0473334
0.0237167
0.0143821
0.00899771
0.000190992
0.00450181
0.0187213
0.00167193
0.00545494
0.0019354
-0.00119286
0.00506085
-0.00816474
0.0243954
-0.00825048
0.0053745
8.44078e-05
0.000566053
0.00168063
0.0317197
-0.275445
0.00692897
0.0045474
-0.00057052
-0.0072928
-0.0773906
0.00284641
0.000668371
0.562986
-0.00481004
0.0358192
2.33095e-05
-0.117607
1
-189.442
0.0109049
0.00260783
-0.000565249
-59.8179
-0.152982
0.0234785
0.00629386
0.0102424
-0.000127761
0.0100512
0.000646538
0.000257956
-0.00741485
0.000250875
0.00576009
0.132422
0.000833075
-0.00117625
0.0003571
0.00748048
-0.045608
0.00072881
0.00351402
1
4.10787e-05
-0.00154652
0.817551
0.687217
0.0164526
0.00190804
1.59446e-05
-0.0290751
0.00372284
0.000153971
-0.000408773
-0.00119223
0.172835
0.543905
-0.00208016
0.417342
0.0404182
0.0105431
0.0202028
-5.89805e-05
-0.0116414
0.0282399
0.00119694
0.0675841
0.0163915
0.000275476
0.356467
0.000140128
-0.0708282
0.00247089
0.0372561
-0.0119145
0.0493942
4.55724e-05
0.0463886
0.016308
0.60656
-0.00116109
0.0176325
0.00155883
0.480131
0.0267883
-0.00648312
0.0101385
0.0109252
0.0227967
0.015042
-0.000599433
-0.0822366
-0.0330737
0.0157367
0.628779
0.00742205
-0.00104173
0.337856
0.989546
0.00192496
0.000152235
0.0545682
-0.00407205
-0.879958
-4.65795e-05
0.319843
0.570646
0.4597
0.00140079
0.670809
0.00457323
0.0661925
0.620088
-0.8398
-0.0382176
0.871548
0.00832468
0.00511169
0.00476171
-0.00157567
-0.0368951
0.00012247
0.00121807
0.0418623
-0.00498368
-0.00240463
0.000240139
0.0123761
0.00899476
0.00840292
0.0101391
-0.00268652
-0.00420685
0.000390922
0.00578406
0.000625701
0.0210632
1
-0.00136182
0.00564627
0.00143162
0.19846
7.90535e-05
0.808493
0.330833
0.014488
-0.027254
0.00312598
0.0283193
0.0248785
-0.00194089
0.00110876
0.0140408
-0.0246723
0.534197
0.019186
-0.00630373
0.00469007
-0.00436505
0.0049305
-0.0660577
0.084501
0.328003
-0.00784077
0.00089279
0.188331
0.0136009
1
-0.00762842
8.55383e-05
-0.00358667
0.17171
0.78462
0.000495491
0.0368413
0.650958
0.420774
-0.0392349
0.530688
-22.7969
-0.000102714
0.0439294
0.009454
0.00157844
2.24548e-05
0.00147139
0.774136
0.0900472
0.00456749
1
-0.0226578
0.863068
0.0046729
-0.00645795
6.63202e-05
0.000622125
-25.3111
0.0977909
0.000515346
-0.00119958
0.14531
-0.00241098
0.0270402
0.000738677
0.00171738
-0.00347894
1
-0.0034418
-5.0755e-05
0.00143125
7.64161e-05
-0.00233576
-2.39008
-0.720426
-0.0010984
-0.00345601
-0.16332
0.00496778
0.74825
0.971634
-0.209568
1
0.116262
-0.295725
-0.131698
0.0243677
0.215838
-0.000322251
0.0106875
0.489012
0.0174448
0.0445821
0.000890658
0.00799484
0.0196521
-0.113663
-0.000321351
-0.00169552
0.0789241
0.0149503
0.145604
-0.0497335
-0.0432916
0.00820119
0.478039
0.0243734
0.00468508
0.0246957
0.00164361
-70.555
0.587207
0.00373695
-2.74975e-05
0.0083151
0.0273357
0.59674
0.000360726
-0.206184
-0.00075492
-0.00751531
0.000773148
0.00593749
-0.0594157
0.896946
-2.39823
0.877989
0.268045
0.17318
0.912998
0.990388
-0.0462974
0.890171
0.998074
-0.0033219
0.00215989
0.0215718
6.65535e-05
-0.31167
0.0411202
1
1
0.0226361
-0.00585551
0.0180196
0.00864562
-0.000393614
0.000297442
-0.0720793
0.00232354
0.0113994
0.508061
0.00023447
0.996724
0.607367
0.00266978
0.0891636
-0.014607
0.000195601
-0.000749489
0.0022603
0.0463147
0.0133805
1
0.00550636
0.095435
0.00239778
-0.0631792
0.00509044
-0.159161
0.00025821
-0.0109622
-0.0055027
0.000721724
-0.0701275
-0.00122919
0.0220816
0.0114444
0.234782
0.606244
0.442402
0.000374998
-0.120939
0.00133111
-0.00681253
0.0467097
0.00420918
-0.00125681
-0.0271008
0.0467443
-0.000431046
0.000100985
-2.81762e-05
-0.0203148
0.261533
0.00402069
0.00155249
0.106659
0.810207
-0.127646
0.00846274
0.00144462
0.000133709
0.00249495
-0.00609398
-0.0605629
0.00517992
-0.614293
0.0591019
-0.0473707
0.59755
1
-0.0310698
0.648246
-0.0231799
0.0399332
-0.00390843
0.0222419
0.00455087
0.430718
0.00674251
0.000161368
0.0476352
-0.0113084
0.00619684
0.0130746
0.00137566
0.257494
-0.029704
1
-0.00707056
0.0174671
0.0606323
-0.00052031
-0.00489152
0.31825
-0.00662345
0.011084
0.0128904
0.000364557
-0.000671299
5.71347e-05
0.0209677
2.86862e-05
0.66621
0.363615
-0.079472
-0.0310617
0.679663
0.000728679
0.00354854
0.0156343
-6.91356e-05
0.0040614
0.411635
0.00100671
0.08223
-0.00157531
-9.0435e-05
0.00459512
0.0127994
0.0308211
0.0115772
0.0126881
0.0709873
-0.0107498
-0.103313
-0.00787798
0.00856182
1
-0.00227387
0.04325
0.801082
1
0.00324185
-0.00930983
0.00338459
-0.00352626
-0.0799983
0.0247971
0.00385083
-0.000682268
0.00336871
-0.0042418
-0.0124892
-0.0394777
-0.299307
-0.286552
0.163065
0.140561
-0.00777067
0.0478473
0.210859
-0.0192504
0.635479
0.0259195
-0.00792974
-0.00169809
-0.00122314
-0.000832157
0.000884501
0.00174833
1
0
0.0150805
-0.000211838
0.0476297
0.0041786
0.0905868
0.00308027
0.00338707
0.00756705
0.354928
-0.0184438
1
0.218921
0.0643098
0.311358
0.0374925
0.00927715
0.00249299
0.0194964
0.0296968
1
-0.000233209
0.220954
0.000567368
0.00899376
-0.272273
0.180364
0.000140937
-0.000319563
0.000233257
-0.00310529
0.00157738
-0.00305077
0
1
0.58182
0.000392797
0.349535
0.0168619
0.000202194
0.000784424
0.00277157
0.0154598
-0.138239
0.808799
-0.0850857
0.411692
0.0062426
0.0132951
0.13184
1
0.0807175
-0.00586216
0.999989
0.988242
1
0
-0.149223
-0.142223
0.000564239
0.11374
9.3471e-05
-0.000855787
0.175993
0.0260583
-4.20309e-05
0.0101037
-0.0176309
0.0042095
-0.18032
0.0227727
0.00168631
-0.00771871
0.866366
0.317604
0.0151403
0.00145406
-0.00255679
0.0955523
0.00470445
-0.000331385
0.00595831
-0.00034741
0.0114047
-0.000800893
-0.00761263
0.00911733
-0.0245294
0.0508171
0.00440649
0.0126617
0.00743834
-0.0040831
0.0100186
-0.000767655
-2.52589e-05
2.33019e-05
-3.13617e-05
0.282301
0.0066354
0.0279655
1
0.0108026
-0.000740114
0.00201398
0.000369092
0.229585
0.924698
0.0664552
-0.000253207
0.0660227
0.0119453
0.486809
-0.00267418
-0.00768946
-0.0340406
0.00306271
0.00121401
0.0545916
0.0231789
0.861852
-0.047144
0.0815347
-0.00317445
0.20626
0.27901
1
-0.000120091
-0.0515255
0.78666
0.0238211
0.00364968
1
-0.0148284
-0.0205869
0.30841
-0.000243013
0.0015555
0.25178
-0.00454983
0.0160189
0.702101
0.389943
0.0226436
0.12574
0.989807
0.0504726
0.00588268
-0.0136572
0.00826023
0.337419
0.0231011
0.648943
-0.0754078
0.00576188
-0.164876
0.0298332
0.0204293
0.994073
0.0122089
-0.00709129
-0.000570744
0.00841283
0.00717896
1
-0.115782
0.684411
0.0889414
0.0523181
0.0648947
0.767323
0.271277
0.9905
0.000727651
0.0199425
-0.284851
0.0317893
0.0279516
0.00502328
0.019317
0.0141576
-0.109162
0.00122434
0.0157878
0.0274956
-0.261809
-0.230374
-0.0440265
0.659814
0.0431071
0.00641421
0.0285821
-0.00235501
0.790348
0.0835769
-0.00472707
-0.0933183
0.00016195
0.146023
0.753484
-0.0067428
0.0174535
0.000878828
-0.00156754
0.00198924
-0.000950038
0.972643
0.0814996
0.00284724
0.0137213
-0.000236501
0.434697
0.0457255
0.0225631
0.000178883
0.003797
1
0.0108207
-0.0419272
0.752866
-0.00240068
0.000436056
1
0.0151266
0.00684629
-0.000139865
0.0625433
0.00566577
0.0116894
0.00511653
-0.014986
0.149642
0.584026
0.552357
0.020234
0.000274456
0.185163
-0.00329924
-0.0081285
0.00101997
0.0168574
0.224399
0.376945
-0.0913099
0.00837191
0.0115693
-1.07385
0.00216285
-0.000208664
0.00678009
0.68207
-0.00197968
1
0.00100813
0.00288782
-0.00320557
0.000928229
0.0557152
-7.61714
0.358936
0.440755
-0.00315958
0.000186946
0.00307887
0.0109978
0.00728997
0.000201227
-0.00155941
-0.0143737
0.419686
0.825737
-0.0203244
0.0029495
-0.00484479
0.533427
0.143612
-0.000175716
-6.78764e-05
0.00340963
-0.0113934
-0.000166467
0.01873
-0.00704014
0.781466
0.501804
-0.000706651
-0.00397471
0.0166145
0.0038528
0.000199078
-0.0270994
0.00334597
-0.00710748
0.000918844
0.0486323
-0.00286297
0.860226
0.0283606
0.0846158
0.444842
0.00170115
0.0636251
-0.00212142
0.000821337
0.00322044
-0.0144221
-1.86598e-05
0.816916
0.0169901
-0.112896
-0.418663
-0.784154
-0.00388839
0.0524967
-0.164305
0.0201001
0.00145937
0.992297
-0.00938806
0.0277825
0.0166893
0.0123695
0.731572
-0.0215869
-0.0149784
0.157108
0.00853618
0.000674789
-0.0305288
0.0141443
0.0148032
-0.000108899
0.12859
0.0551435
0.0585318
-0.00104655
-0.0710574
0.00176354
0.737315
0.00618956
0.74286
0.000458213
0.0211562
0.000305064
0.0152708
-5.51496e-05
0.92648
0.000473631
0.982338
0.0338864
0.00667304
0.0262721
0.0049992
0.00129086
0.0167767
-0.0384506
-0.0428777
0.0629122
-0.0220743
-0.00181159
-0.0730007
-0.00847041
0.212809
0.00571987
0.0005867
0.990156
-0.201605
0.0229027
0.0128374
-0.0548804
0.0104041
0.120937
0.0535547
0.000350654
0.00226522
0.000524311
0.00384615
0.921252
-0.00878557
0.0026502
0.355866
0.500484
0.217467
-0.00737037
0.0429059
0.583977
0.0137888
1
0.0194901
1
0.0851017
1
0.0221766
-0.0128837
0.000463415
0.0034688
0.00194932
0.0506406
0.000153155
0.0676623
-0.0111255
0.000269266
-0.000407373
0.00879266
0.475468
0.000258264
0.00155536
-0.00764883
0.356223
0.00231671
-0.0345003
0.770987
-0.00616895
0.455633
0.0383089
0.00369417
0.251786
0.00461908
0.000172507
0.00290358
-0.0289396
0.00543342
0.0220423
0.3363
0.007488
0.00388341
9.43752e-05
-0.000488399
0.0124612
0.000243595
8.57265e-05
0.00092848
0.101012
0.999904
1
1
0.0202327
7.56458e-05
0
0.0321364
0.00528412
0.425491
0.00639567
0.126949
0.245654
-0.159033
0.267137
0.668055
-0.20083
0.00569016
0.592094
0.0387476
0.635487
0.692318
0.293852
0.00718467
-0.0171099
-0.0284032
0.0107415
0.00896122
0.0749295
0.781095
0.669034
1
0.00907965
0.0926519
-0.0229254
0.000492714
-0.00118659
0.920078
-0.0315026
0.223987
0.0101323
0.0338794
-0.0905622
0.915962
-0.00123239
0.000245
0.00400475
0.0020892
0.063166
0.00809732
-0.000386609
-0.0771471
0.195796
0.314022
0.109685
0.00554793
0.303668
0.0043719
0.834286
-0.00218942
0.275311
0.24277
0.00568711
0.000270701
0.65338
0.946586
0.875838
-0.116214
0.781854
0.00115774
0.00160994
0.127248
0.000479663
0.465422
-0.00896535
-9.95718e-05
0.00740065
0.0234071
0.174457
0.61211
0.175917
-0.00786185
-0.00524457
0.18986
0.0030107
-0.00116932
0.0439567
0.000721884
-0.0480239
-0.087377
-0.0145417
-0.317525
0.0910057
0.0399255
0.178043
0.00655627
0.00950859
0.000589022
-0.00130178
-0.00336685
0.0115928
0.813641
0.668167
0.0357491
-0.207996
0.00273467
0.0872349
0.0491644
0.627559
0.053376
0
-0.000449518
0.995345
-0.00326583
0.995624
0.818208
0.0894351
0.0203673
0.00105955
0.0039937
0.0109126
0.000220147
-3.67404e-05
0.0383611
0.343702
0.000699681
0.115761
1
-0.000538544
6.97204e-05
0.0147552
-9.10498e-05
-0.0171357
0.239259
-0.00211483
0.00165335
0
0.0823215
0.0319541
0.986106
-0.159699
0.993431
0.00496592
-0.00520833
0.37057
-0.00187643
0.000156759
0.00641551
-0.02415
0.0321931
-0.000562279
0.0579055
0.039432
0.728659
0.0145686
0.000259988
-0.00142108
0.663006
0.180676
-0.00186265
0.000188168
0.0274299
0.0424433
-0.0237753
-0.0348244
-0.128556
0.782174
0.108344
0.0660416
0.554887
-0.224944
0.0321303
0.0209878
-0.00235918
0.00211451
0.0011263
-0.00520174
-0.0208505
1
0.0688237
0.0008177
-0.000618149
0.00527307
0.03366
0.256145
0.00192628
-0.0744063
0.00997225
-0.622454
0.0324743
0.142564
-0.612396
0.0124302
0.00057017
0.00534983
0.000667059
0.00336263
0.760168
0.0127764
0.810512
-0.33553
-0.0946038
-0.445839
0.328805
0.0954281
0.76253
-0.0281919
0.00391389
0.00621806
-0.000142511
0.000327554
-0.03941
0.518137
1
0.0307681
-0.000707354
-0.0769594
0.0711202
-3.97962e-05
0.0555653
0.68823
-0.0271226
0.0156075
-0.0395714
0.00276482
0.00791942
0.0129007
0.00812893
0.0781235
0.0013015
-0.0566152
0.0112566
-0.0111817
3.68609e-05
-180.942
0.00230507
0.0227933
0.0168264
0.0012603
0.0134781
0.292457
0.0022604
0.0001518
0.0321614
0.000364372
8.32051e-05
0.120968
0.00115898
0.003362
-0.00101491
0.000712805
6.82609e-05
-0.0669143
0.0121242
0.00173611
0.618807
-9.41283e-05
-0.01958
0.513146
0.000900227
-0.0022564
0.00924134
0.404636
0.220287
0.00728269
0.00251696
0.000908311
0.00796593
-0.000485964
-0.00123971
0.621349
0.201055
0.0248142
0.0082277
0.00806188
0.182694
-0.000940471
0.00035061
0.0077184
0.00776214
0.0153974
0.212982
0.817303
-0.169867
0.0291213
1
-0.00783806
0.381685
0.607804
-0.00366988
-0.0249011
0.905351
0.000117702
-0.05
-0.0216281
-0.000292178
-0.0279902
0.0105806
0.447244
0.592606
0.000380788
0.0598374
0.183023
0.000281756
-0.00373848
0.00146228
-0.00898332
-0.0147398
-0.0110353
0.00366728
0.000820619
0.00339253
0.0116376
0.0715996
0.000545541
0.0120231
0.164504
0.0195634
0.999501
0.0602635
0.014837
0.00176655
0.0592065
0.012844
0.0560876
0.00116203
0.0110548
0.00522917
0.595897
0.00373662
0.0178911
0.0131548
0.819687
0.100682
0.00627665
0.0230215
0.0271328
-0.0298931
-0.00660324
-0.00107487
0.0109236
0.00162541
-0.000930356
0.34911
0.0227924
0.0186026
4.17781e-05
0.000729167
-49.2443
-0.00952705
0.105749
0.03735
0.0100409
-0.000955361
0.0017864
-0.00049889
-0.000204002
0.00201914
0.00216131
0.0006488
-0.00158089
0.000372836
0.0194167
0.00512155
-0.00151398
0.0294462
0.00428426
0.616951
0.0138712
-18.2474
-0.00845742
0.483328
-0.0106687
0.00911945
0.0117367
-0.00443486
0.264441
0.00773501
0.00428564
0.0271544
-0.0022707
-5.83713e-05
-0.0159902
0.225132
0.75856
0.967213
0.00472642
-0.000600297
0.0535895
-0.000488587
0.0216504
0.00860469
-0.0819152
0.500609
-0.068986
0.00267341
0.00414517
0.0341484
0.00572536
0.00872957
0.00148715
0.692252
0.0283987
0.00424364
0.944709
0.0108516
0.0534323
-0.000157247
0.0111359
0.0314947
0.0621031
4.30394e-05
-0.0098995
-0.023583
0.000209942
0.0902772
0.254304
0.0637799
0.383692
0.00115075
0.203498
0.00192361
0.999658
0.0176444
-0.0831658
0.010137
-0.0035342
0.68961
0.998681
0.00640281
-0.808138
0.382412
-0.0646301
-0.000734943
0.00151986
0.00780727
0.0155449
-3.64179e-05
0.00845987
0.992479
-0.00550121
-0.00239087
0.000285823
0.00826746
0.0227352
-0.00027266
1
0.0227273
-0.0188719
0.000361352
0.00399836
0.000785015
0.0758041
0.00113688
0.00676212
0.0618488
0.01528
0.000805187
-0.0828998
0.00149154
0.0008899
0.0498725
-0.227909
0.45264
0.722412
0.00844145
-0.0299098
0.0238883
0.978979
0.906392
0.000429312
-0.000204645
0.0110493
0.000866706
0.00985606
-0.00191102
-0.000922405
-0.0164419
0.94695
0.0896064
-0.00027257
0.234143
0.297071
0.458424
0.101274
-0.0123456
0.0352641
0.213303
0.001594
1
0.00963249
-0.147261
0.000468876
0.13356
0.00153601
-0.0222112
4.52519e-05
-0.0038572
-0.143891
1
0.0184951
0.000965862
0.0108815
-0.00357797
0.00281907
0.00964225
0.0106597
0.850542
0.0176123
0.00687434
0.125677
0.00155723
0.00410268
-0.00782799
0.00262254
0.000309677
0.00377076
0.000631396
-0.0106307
0.00806202
0.000649962
0
0.000369652
0.00678101
0.0207126
0.0453511
-0.000132128
0.0211311
-0.00191759
0.619968
0.0155551
0.988841
0.000288737
0.0306225
0.0153957
-0.057506
-0.00916813
0.0479389
1.67805e-05
0.67642
0.931013
0.00693513
-8.43685
0.00123554
0.0544289
0.000125538
-0.0598852
-0.0420823
-0.0411848
0.142636
0.0523593
-0.0265006
0.0573488
0.115671
1
0.902499
0.567953
-0.0155978
0.0995352
0.328708
0.964842
0.00239893
0.0128105
0.00164941
0.0401369
-0.00397004
-0.110751
-0.122828
0.0537008
0.303194
0.00107248
-0.00245974
0.12084
-0.000468265
-0.0559089
0.131451
0.0104515
-0.00335679
0.151579
0.0011274
1
0.0115623
0.0626378
0.00131323
-0.00213567
0.0229664
0.986546
0.121248
0.00631329
0.605663
0.445896
0.769464
-0.31073
0.0909783
0.000273493
0.0378935
-0.000495389
0.00227531
-0.00870073
-0.296168
-0.00137833
0.0235954
0.000629233
0.0126087
-0.00204897
0.0239755
-0.0118679
0.0253685
0.127719
0.741477
0.0169879
0.00400021
0.000367903
-0.0184825
0.0861241
0.966549
0.0124293
0.00876653
-0.00211085
0.297552
0.0048651
0.000691181
-0.00545063
0.00776452
-0.0208016
0.00752892
-0.116549
1
-0.00189427
-0.00137148
-0.0687091
-0.0414255
0.109843
-0.134017
0.0202735
-0.00287603
0.201685
-0.149287
-147.251
0.00702477
0.0297005
0.0126218
0.0788699
0.0421133
0.991417
0.778287
0.00606792
0.0132043
0.00727218
0.00755427
0.0334144
-9.25769e-05
0.00416789
0.00897227
0.633515
0.000392352
0.00850457
0.00119349
0.114004
0.0347566
0.00384232
-0.000455775
0.0155743
-0.000683256
-0.0176934
-0.000474608
0
-0.0312013
0
0.138199
0.000106119
1.29847e-05
9.83429e-05
-0.000439625
-0.0005518
0.00207942
-0.011966
0.0443513
0.400886
0.0545124
-0.376887
0.00758851
0.00913107
0.0248131
-0.00178492
-0.00803769
0.0015029
-0.0221296
0.244895
0.353028
0.000211367
1
0.885011
0.00994095
0.011158
5.00745e-05
0.0760146
-0.0269577
0.0291468
0.49873
-0.0519208
-0.0476542
0.999985
0.47129
0.0598117
0.0224682
-7.50019e-05
0.969211
-0.000283718
-0.0197918
-0.127775
-0.000359474
-28.7766
-4.33351e-05
0.356961
0.326952
0.886352
1
0.0111366
0.00249114
1.93776e-05
0.00335823
0.00789504
-0.0122305
0.519854
0.000543733
0.0231291
0.0319191
0.111401
-0.0332575
0.506804
0.0196224
0.766126
1
-0.000377132
0.010654
-0.0196499
1
-0.000860057
-0.000444749
0.00179193
-0.00147781
0.00886709
0.0224451
0.0128341
-0.00827465
1
0.0100165
-0.548083
4.93346e-05
0.000148653
0.0810881
0.00112701
-0.000657068
0.407975
-13.7518
-0.00444408
0.00657794
0.00861567
0.00711576
0.0496772
0.845039
0.337093
0.0100971
0.348674
0.0912026
-0.00905794
0.288678
1
0.700338
-0.0174171
0.000767561
0.0133403
0.000147187
-0.0246191
0.0758302
-0.0606922
0.0120982
0.00124006
-0.000473653
0.0766964
0.0141953
0.0271032
0.0557021
9.70968e-05
-0.00765153
-9.50377e-05
-0.000497664
-0.026195
0.0777524
0.00282162
-0.0286785
0.389189
0.000455378
0.0031054
-0.0025492
0.00783544
0.0326741
-0.000453601
-0.00724651
-0.0205589
0.571691
0.0283301
0.00593727
0.330822
0.0141029
-0.000504368
1
0.0241428
-3.15358e-05
-0.067676
0.00860346
-0.0900189
0.0614074
0.000503265
0.00653894
0.0118083
0.0746162
-0.0221435
-0.00169932
0.0146408
0.0219986
1
0
-0.0355628
0.10476
0.695941
0.0133383
0.406665
0.170517
0.0868603
-0.00201072
0.850104
0.000152952
0.74478
-0.0120773
-0.978226
-0.0405102
0.00114335
0.000172928
-9.87703e-05
0.0295105
-0.00858338
0.0303835
-0.00397456
0.263221
0.876016
0.908312
-0.0176481
0.724505
-0.000727052
-0.42529
0.0692699
-0.00273195
0.000104936
0.000419236
0.00472875
-0.00813421
0.109717
0.876512
0.0692556
0.0037088
-0.102511
0.0714478
-0.030712
0.0266608
0.100557
1
0.0685728
0.0256218
1
0.742557
0.0561193
0.072973
0.184758
0.0013151
0.00666667
-0.000200067
-0.00166969
-0.00743279
0.166381
-0.00686818
0.264832
-0.193533
0.0561014
0.0771569
-0.00113599
0.244507
0.997092
-0.00445426
-0.00242622
-0.00759874
0.00691471
-0.000774398
0.00952205
0
1
1
0.000183145
0.0121979
0.0298851
-1.04021
0.00161639
0.059502
0.018655
0.0458872
0.00104103
0.635549
-0.011965
-0.00832973
-0.00437855
-0.000775229
-0.0391034
0.0832875
-0.000105219
0.00547649
0.109824
0.00706633
0.912633
0.0182144
0.0267973
-0.00151429
0.000146163
0.000207458
0.00771498
0.00109535
0.0404439
1
0.0051332
0.0160853
0.0166656
0.111732
0.0523054
0.117038
0.0339631
0.0795481
1
0.966369
-0.00125527
0.000431379
0.062672
0.000852115
0.00100896
0.00316329
0.00182246
0
0.0595493
0.000179449
-0.0200642
0.00225662
-0.000529073
0.0159463
0.00891593
0.00413028
0.00257393
0.02708
-0.00385183
-0.323288
0.0111601
0.26635
0.0248687
-19.6811
0.329901
-0.087247
0.0625985
-0.0376681
0.172627
0.0329695
-0.0234541
-0.000744061
0.0406767
-0.00501136
-0.016641
0.0133728
0.0517839
0.00678925
0.0331509
0.0142092
-0.0457153
-0.0235584
0.0707087
-0.00317869
0.000260897
-0.00253231
-0.0453756
0.02102
-0.00127744
0.0261813
0.231303
-0.0140501
0.000350711
0.0071813
5.88028e-05
0.674917
0.0780684
0.128177
-10.1051
-51.6828
0.751114
-0.0186383
0.270285
0.0222556
0.079525
0.721777
0.0042472
1
-0.000117701
0.0144065
0.345109
1
0.0157653
-0.0380998
0.0500917
0.000215831
0.260383
0.0164386
0.0276812
0.000663812
-4.55437
-0.183957
0.00933009
0.00105221
0.00165227
-0.0166848
0.00441555
0.0189111
0.0441667
0.57861
-2.25106
-0.0141812
0.0188123
0
-0.0145271
0.024496
0.649649
-0.0537128
-0.336257
-0.0106412
0.00830113
1
0
0.00134987
0.0515419
0.00542542
0.468299
0.0210848
0.017488
-0.00302735
0.33121
0.182515
0.00576149
0.78055
-0.00558927
-0.0339414
0.739193
-0.00802192
-0.00802407
-0.00909415
0.00293481
-0.000946932
2.3092e-05
0.00184296
0.0370239
-0.0390914
-0.0234619
-0.00265478
-0.102234
0.00575722
0.0061154
7.25666e-05
0.000339427
0.783813
0.0281588
-0.00551004
0.00413829
0.226866
0.13152
0.702733
0.498986
0.21284
1
-0.0128042
-0.00300383
0.338352
0.0272762
-51.9564
-2.63852e-05
0.00529328
0.0118405
1
0.554359
0.107614
0.0283246
0.0234377
0.0142978
0.128046
0.485414
-0.132931
0.104303
0.001445
0.971323
-0.00466632
0.00797112
-0.0462915
0.00833083
0.662671
0.0163826
0.000515717
0.762939
0.000227674
0.00569047
0.0265196
0.00104429
0.000337376
6.39005e-05
0.302155
0.000835771
0.329106
-0.0338413
0.0211516
0.00361385
0.0142859
0.00268004
1
-0.00108504
-0.00398177
-0.0453258
-0.0143719
0.00106655
-0.0102643
0.426641
-0.00518561
0.258176
0.873807
0.0113308
-0.0116202
0.000496433
0.00569319
0.135485
0.00763513
0.0604033
-0.00468768
-0.0301105
0.00782708
0.00630731
-0.00132612
0.0130426
0.00540396
0.000853167
0.00138556
0.99988
-0.00701154
0.0043386
0.00700649
0.00401497
0.000510562
-0.353151
0.166132
0.489999
-0.066039
0.0165037
0.00187434
0.954255
0.000116183
0.00132984
-0.0445085
0.0033272
0.0265545
0.0289787
-0.0015959
0.0321776
0.0022815
0.526237
0.0261655
-0.0260249
-0.0605756
0.000250658
-0.000459805
0.486991
0.026894
0.781875
0.610154
0.000922682
-0.179647
1
0.0539234
-0.00259468
0.00325354
0.0190684
-0.00313731
0.0124528
0.281223
0.0829097
-0.0010233
0.00191918
-0.0350868
0.626312
-0.00141611
2.69651e-05
0.690104
0.816288
0.199142
0.0692692
-0.00987765
0.00469354
0.0234994
0.0323121
0.00556671
0.00178142
0.0125523
-0.055058
0.06593
-0.0420619
0.00207254
0.0455534
1
1
0.0721735
0.00248292
0.0644977
-0.00415091
0.00736063
-0.00864965
0.00180815
0.0338085
-0.0788946
0.417715
0.299356
-0.00568924
-3.45648
-0.000650495
0
0.880064
0.932506
-0.00217635
0.996135
0.11682
0.59063
-0.0513906
0.00241048
0.0143456
-0.00287639
0.00483943
0.00245041
-0.0466921
0.000638459
0.522451
0.794964
0.693586
0.524196
0.000306002
0.00290975
0.0542834
0.0003961
0.62619
0.815731
-0.0549875
-0.692551
-0.0383857
0.266675
-0.00341033
0.150267
-0.881242
-0.0403462
0.00803624
0.00681048
0.251637
0.0156863
-0.000763475
-3.48147e-05
0.00146459
-0.00477156
0.704915
1
1
1
-0.00507327
-0.0173765
0.000451405
-0.0313159
0.121437
0.0377332
0.018859
1
-0.0545485
0.00420392
0.0344392
0.00107529
0.125068
0.00239277
0.0164653
0.00191766
0.00813714
-0.000469566
0.590585
0.0114806
0.991504
0.00398182
0.000298636
0.0155735
0.0388695
-0.0246885
0.0628448
0.0128223
0.000295352
-0.100547
-0.0104864
0.0582206
-0.0183552
0.000629048
0.010018
0.0295394
0.00100635
0.00197593
-0.114225
0.00579508
0.437072
-0.000387967
-0.0455917
0.0611739
-0.04442
0.00565301
0.00296599
1
0.952381
0.000823078
0.000397399
0.00253263
0.0162236
0.961215
-0.0100806
-0.0233935
0.0337702
0.00689848
0.69544
0.0371734
0.0839137
-0.12807
0.137571
0.753638
0.00446653
-0.0576715
0.0173664
-0.0164903
0.813281
-0.0164827
0.674962
-0.00127072
0.274574
0.001712
0.00277836
-0.0948712
0.0063372
0.244845
0.0882999
-0.00963749
-0.000175885
0.0123197
-0.00247405
0.547276
0.0179278
0.00188358
0.000347455
-0.0519242
-8.76232e-05
0.0019818
-0.0806205
0.00913119
0.033464
-0.149451
-0.000338119
0.0377533
-0.0517241
0.000425394
-0.000494413
-0.0027954
0.000609824
0.62485
0.032397
0.000444642
0.0169147
0
-0.0302927
0.0674121
-0.0338779
0.249085
0.915649
0.00590597
0.982052
-0.00133012
-0.0022251
0.00698035
0.963023
0.000903128
0.00311199
-0.000120447
7.44583e-05
0.00737593
-0.0146476
-0.000639386
-0.0254056
0.0348871
-0.0226505
0.138803
0.0145321
0.757203
0.967163
-0.00200297
0.000224871
0.102468
0.0015055
3.10791e-05
0.0898098
0.142442
0.00549776
-0.0232951
-0.0264739
0.0886948
-0.0908048
0.00497931
0.769677
0.0101567
-0.00192503
0.000514042
-0.00333253
0.034937
0.0287215
0.704353
0.000110224
0.000194245
0.0116991
-2.67974e-05
0
0.0384938
-0.0216543
-0.166905
0.00590384
0.960885
0.00334247
0.613015
0.540993
-0.0161907
-0.00037798
0.000100236
0.0363077
6.66578e-05
-0.0167595
0.000110816
0.0217217
-0.000274307
0.00621751
-7.26111e-05
0.090099
0.132967
0.0374054
-0.00933826
0.00194603
0.0427034
0.393867
0.191253
0.0252881
0
0.00106081
0.00519096
0.157109
-0.000137446
-0.000396546
-0.0262209
0.00560594
0.176439
0.000146101
-0.0223346
0.457791
0.644883
0.725441
0.0122795
0.00374383
0.12025
0.00258975
-0.0334356
0.000637305
0.00207303
0.548227
-0.000615695
0.247952
0.00481061
-0.0261933
0.015625
0.0306837
0.00284322
0.00154421
0.0354734
0.00225999
0.00176594
0.063878
0.935465
-0.00241546
0.415386
-0.00409459
0.10818
0.0215992
0.00483119
0.0394787
0.0103487
0.0221538
0.000201288
0.00131252
-0.00236973
0.295245
0.00434292
0.0128512
0.0368403
0.0798925
0.0140018
0.0831632
0.00253105
0.00421844
0.848143
-0.113901
0.000271614
0.000624824
0.00105971
1
0.00011419
-0.000469443
5.8088e-05
-0.0109585
-1.69839
1
0.895257
0.345704
0.0752468
0.0472853
0.000137866
0.00118133
-0.00711739
0.0101284
-0.0773368
0.00598022
-0.00514309
0.00599785
0.0161388
0.819067
-0.0033612
0.00234693
0.689794
-0.157866
1
-0.0506454
-0.00448766
0.364013
0.00518965
0.0119978
0.23617
0.000185138
0.703811
-0.0689237
0.0506144
-0.00676321
-0.0238376
-0.00251302
0.0364541
0.00696656
-0.0054806
-0.138463
0.829364
-0.0188276
-0.00112345
0.00198757
0.176734
9.9295e-05
0.00590051
-0.172558
0.0749164
0.187459
0.00198614
0.00873502
0.00516588
0.020425
-0.0412939
0.996448
0.00650419
0.0125394
0.195098
0.217957
0.02728
-0.131282
-0.0537812
0.965305
0.00233975
1
0.770982
0.97096
0.0328607
0.00555668
0.00250598
-0.736897
0.00345074
-0.0176784
0.0318818
-0.018055
0.063016
-0.064181
2.16057e-05
-0.00554508
0.37562
-0.177681
1.57599e-05
2.34373e-05
0.0188437
0.000496567
-0.0023362
0.990177
8.92638e-05
0.0868054
-0.000238335
-0.00139173
-0.0116633
0.0912005
-0.0709773
0.0448205
0.000997493
0.00173722
-0.0104947
-9.25487e-05
0.000150425
0.0116559
0.00055857
0.0404331
-0.0017839
0.0663762
0.0179324
0.00232891
0.000222055
0.000249279
0.0090289
-0.00693505
0.00332219
-0.114846
-0.0205253
0.0397216
-0.0076184
0.0606295
0.000428362
0.00206021
0.019523
0.339236
0.031837
0.00495608
0.00851205
0.00358358
-0.00433467
0.00487658
0.00313041
-8.74236
0.0593785
-0.00107196
-0.00346281
0.000698469
0.461322
0.625377
0.0131013
-0.148633
-0.000572296
0.0258657
0.872039
-0.00760387
0.0024371
0.00221915
0.277037
-0.0643059
-0.000152823
0.0413168
0.00078629
8.47649e-05
-0.01256
0.000199117
-0.613637
0.00167382
0.919256
0.185609
-0.0259343
-248.72
-87.7834
0.542335
0.352343
0.041629
-0.00286295
0.919494
-0.00486787
0.551383
0.24654
0.680312
0.98902
0.00682255
-0.0356712
0.0499278
0.613985
-0.0626246
0.682277
-0.317163
-0.0252474
0.0155991
1
0.99999
0.0271439
0.111967
0.00507484
-0.0287682
-0.0577569
0.00293456
0.0125683
-0.00106401
-0.00866309
0.0130427
-0.00506844
0.0020104
0
0.00699431
-0.00373651
0.00369493
0.00456759
-0.017274
0.00942421
0.0320898
0.534315
-0.0999986
0.00824388
0.0939528
-0.0398294
0.0594564
-0.00973212
-0.00951003
-0.000103324
-0.0413484
-0.0028414
-0.00257377
0.0049227
0.0262315
0.0436932
-0.000715711
-0.0051602
-0.00465427
-4.84297e-05
0.35295
0.00886804
-0.0010819
-0.000788066
1
0.0185365
0.322367
0.0651885
-0.00432277
0.979718
-0.00524003
-0.000463526
-35.8867
-0.000674901
0.00315205
0.000544951
0.00369234
0.00574015
0.00107634
0.0831915
-0.00172225
-0.00016586
-0.000390895
-0.0660061
0.0426568
-0.002133
-0.0368562
0.999843
0.0567923
-63.4189
0.0174227
0.000618629
0.000126478
-5.0035e-05
0
1
0.38381
-0.00857371
-0.00722233
-0.00546885
-0.00648415
0.744698
0.60219
-0.00386222
0.0142896
0.00924504
8.08032e-05
0.0494924
0.000106163
0.000629745
0.0658364
-0.248305
0.975956
0.0804739
0.110113
0.692636
0.000954131
0.547122
-0.0788053
0.0131573
0.00197711
0.0293278
0.764142
0.000237616
0.000108159
0.022482
0.0561436
0.0029715
0.63843
0.022045
-0.00269715
-0.00147834
0.000189849
-0.00216372
0.00439883
0.225031
2.10252e-05
0.0187269
0.00346792
0.000108374
-0.00374298
0.018636
-0.0194481
0.521862
0.70294
0.883103
-0.0205093
0.995392
-0.02331
-0.0130459
0.308102
-0.00610593
-0.0106084
0.0859363
-0.000107352
-0.855503
0.0028736
0.000412016
-0.00141769
-0.000980181
0.000904716
0.773588
1
0.00229553
0.00366281
0.607579
0.00991084
0.00332482
-0.00256229
0.0247667
-0.111458
-0.0860265
0.010934
0.000749732
-0.00018573
0.000627144
-0.040525
0.00164261
0.00665861
-0.00394748
-1.24314
1
0.588994
0.00196701
3.81949e-05
-0.0762364
0.264917
-0.00237088
-0.00350446
0.0245347
0.00348672
0.593765
0.0189325
-0.00230377
0.0309842
-0.0122003
-0.0316523
0.076796
0.0226
0.00486089
-0.00989918
0.0068915
0.041213
1
-0.000359971
-0.00224467
-0.00130885
0.728919
0.00376595
0.0264345
2.39923e-05
0.0392006
1.77148e-05
0.000297486
0.0250286
0.0192179
-0.0110306
0.760038
-0.499665
0.350167
0.00130486
-0.0329455
-0.0060973
-0.0162809
0.00247197
-0.000582991
-0.00392583
0.0239929
0.292008
-0.0103976
0.776893
-0.202889
0.54035
0.00521379
-0.372747
0.820021
0.0588152
-0.043148
0.00609261
0.0202651
0.998938
0.00255359
1
0.000162092
0.00426982
-0.00922612
-0.0562159
0.00358683
-0.00410748
0.000187328
0.0039068
0.00882201
-0.000414789
0.000136025
0.0155334
7.77262e-05
0.000611309
8.28386e-05
0.000671356
-0.0122076
-0.637884
7.83904e-05
0.798912
-0.0363732
0.237368
1
-0.020742
-0.000518174
8.39231e-05
0.0921447
0.589548
-0.0781302
0.0415324
0.0130843
0.00427798
-0.000368121
-0.000624703
0.959386
0.0147408
0.00135693
0.343005
0.0798599
-0.0025623
0.0504605
-4.76894e-05
0.746598
0.00369145
0.00896019
0.000511377
-0.0433016
0.0636914
0.13814
0.0344311
0.670705
0.0669185
-7.25216e-05
0.0655049
-0.00478993
2.60403e-05
-0.112648
0.467991
-0.000162938
7.73635e-05
0.00533756
0.0527642
0.00250857
0.0329642
0.915923
-0.269103
-0.0985287
0.0219532
1
1
0.0144345
-0.042638
0.0381051
-7.15254
0.00150091
-0.0159663
0.000647074
0.00340404
0.719537
-0.0161903
0.00615859
0.0755771
0.226682
0.509677
-0.00235973
-0.0563703
0.00339508
0.790971
0.137135
0.987068
0.413809
-0.00492813
-0.00859351
-0.00810488
0.0119348
0.0250499
0.00218725
0.0579719
0.0269463
0.00986809
0.0693382
0.0124242
0.014971
0.0216439
0.0041309
0.691941
0.187139
-0.199303
0.197246
0.760426
0
-8.04221e-05
0.0120868
0.0280991
-0.0371024
0.00388152
0.0192635
0.0391283
-0.0290976
-0.000276528
0.971822
-0.00597063
0.0051437
-0.802361
-0.00152198
0.000311551
-25.7181
0.0116316
-0.0207815
0.0187318
0.0358396
0.00228967
-0.0239947
-0.00643701
0.031426
0.00155657
0.0912237
-0.0182421
0.542241
0.114207
0.000424558
0.00238928
0.0164539
0.000748909
-0.0102894
-0.00165377
0.347863
-0.00887954
0.000321165
0
0.0154618
0.0310386
0.0394273
-0.00652648
0.0199667
-0.0428855
0.0158382
0.00744474
0.940037
-0.247103
0.251986
0.00244754
0.507661
0.0530819
0.000273034
1
0.791192
0.00369208
-0.0518224
0.0809356
-0.00129807
8.72423e-05
-0.0109203
0.0330791
0.00123101
0.000789115
0.476227
0.634247
0.415545
-0.0706401
0.00471417
0.00142348
0.53228
1
0.0399556
-0.000435248
0.990436
0.994258
-0.00903521
0.00154829
-0.0261841
0.327417
-0.00682857
0.000336601
-0.00102358
-0.00205024
-0.00607083
0.0208318
0.016284
-0.00692919
0.000134062
0.000543394
-0.125953
0.0584335
0.0166345
0.000109782
0.024151
0.0715316
0.0116877
-1.68157
0.0109905
0.000457656
0.00923571
0.0534478
0.156496
0.0171031
0.453398
0.00463226
0.601899
0.000595008
1
0.000147981
-0.0150705
0.00768195
0.872282
0.000201446
0.000102894
-0.0791457
-0.017856
0.321693
-0.00417744
0.0162988
0.779091
-0.00136978
0.0162836
0.0311816
0.000446383
-0.0611875
-0.0562466
0.487556
0.00579995
0.044375
0.0240302
-0.00967456
1
0.917184
0.0108213
-0.000484825
0.521386
-0.000548728
-0.00135803
-0.000938525
0.888387
0.025888
-0.000172157
0.208204
0.0243422
1
0.0123706
0.0246468
-0.00484808
0.618696
0.257688
0.511219
-0.00632693
0.0207094
-0.000613444
-0.000165585
0.0227839
0.369498
-0.0698849
0.0026613
0.17952
0.00350735
-0.000567054
0.00315659
0.000556715
0.00102516
0.0287156
0.00381937
0.00188817
0.0488883
-0.00875135
0.431463
0.014334
0.0343897
0.976599
1
-0.265967
0.00198456
0.00759465
0.000368528
0.00708202
-0.0128746
0.00759219
0.000926016
0.0372433
-0.000735921
-0.0177518
-0.0147531
0
0.404786
0.0142567
-0.175001
-0.00284822
0.103529
-0.00771599
-8.78831e-05
0.00120814
0.456619
-0.00707513
0.00344551
-0.0491234
0
0.00818502
-0.172711
0.0318523
0.00958458
0.70791
-0.00133934
0.00186318
-0.0267689
0.161082
0.0109427
0
0.904567
0.00570525
-0.150552
0.48136
0.686179
0.756787
-0.00747006
-0.00596699
-7.11416e-05
0.0223432
-0.00975724
0.990689
-0.254829
0.06425
0.0457932
-0.000565762
0.0158474
-0.0309183
-0.000670257
-0.0101521
0.00199963
0.106126
0.0107298
1
-0.00178171
0.0463778
0.00698011
-0.0159875
0.179975
0.726308
-0.035669
0.0033683
0.0358817
0.982128
0.0492958
0.00293204
-0.00758358
-0.00117531
-0.000894475
0.418809
0.0954511
0.0107167
0.271531
0.0216507
-0.00205866
-0.00519676
-0.413839
-1.73989
0.525104
0.295584
0.000296472
0.32264
0.0615133
0.00441363
-0.0292851
0.000932294
1
0.0409599
0.0117943
-0.00597934
0.235763
0.99996
-0.0307092
0.932478
0.0403847
0.635362
0.00859052
-0.149495
0.969183
0.00474357
-0.000666278
-0.00116074
-0.147807
0.0902726
0.0261246
0.277223
0.0110207
0.00892742
0.520416
0.0184919
0.00293994
0.0066521
0.112544
-0.0308415
0.645033
0.0415245
0.0526214
0.798628
1.42199e-05
0.0130799
1.35353e-05
0.138413
0.0495775
-0.00461156
0.0623432
0.000408093
-0.00264683
-0.0158578
0.37083
0.0332681
-0.0382463
0.218338
0.193959
0.00092467
-3.38872e-05
0.00432333
0.760865
0.00115347
-0.00814861
0.0767872
0.1247
0.00646922
0.244164
0.0561357
0.336613
0.825546
-0.0151062
0.000937508
0.0144577
0.00159901
-0.0529351
0.776832
0.0969112
0.0206205
0.0165739
-0.000191486
0.977036
0.000563198
0.00169804
0.222259
0
-0.00206782
-0.000325508
0.24582
0.00508724
0.0223057
0.000167633
0.983657
-0.0959149
0.00137917
0.277688
-0.00360385
-0.148105
0.00252115
0.00758554
0.0229511
-0.00253485
0.245171
1
-0.132705
-0.0622153
0.0188333
0.00332041
0.000110928
0.0466802
0.00152978
0.0215004
-0.000195355
0.0030702
-0.015988
0.0408768
-0.0266962
-0.02217
0.00168129
1
0.000874279
2.23724e-05
-0.099663
0.000253123
0.0281358
0.181633
0.0170429
-0.0222393
0.0174721
-0.00287865
0.847868
1
0.00914281
0.105361
-0.10392
0.784672
-7.46068
0.353535
-6.30173e-05
9.56572e-05
0.00239833
0.811354
1
0.000292116
0.0115166
0.0025897
0.575127
0
-0.106532
-0.144235
0.750976
0.00698879
-0.181009
-0.00531396
0.0117588
0.023637
-0.0107161
0.00322342
-0.0285569
-0.00726152
0.00124947
0.00318123
0.747566
-0.00328405
0.00501293
-0.0613591
0.0855079
0.100886
-0.0910558
0.00239115
0.0894786
-0.007879
0.0666548
0.000228676
-0.00657595
6.16979e-05
0.00633357
0.00177722
0.0141533
-0.0620405
0.0249846
0.0188626
-0.0341392
0.000421993
0.0339559
0.00544959
0.000144083
0.000180346
0.0131858
-0.000819557
-0.0540956
-0.00160424
-0.00485149
-0.000649073
0.00706711
0.000305221
-0.00273645
0.0314151
-0.00141343
0.309658
0.00665996
-0.000210885
1
0.00777517
-0.000169509
0.175404
0.00358686
-0.00469646
-0.00601446
-0.263993
0.0225482
0.00535558
0.0106592
0.0929496
0.0641294
1
0.000345228
0.00304469
-0.000159923
0.0205343
0.0376506
0.0132384
0.371983
0.00456933
0.43208
0.0254129
0.745619
0.0138052
0.0162889
0.0404805
0.01658
-0.531604
-0.00168731
0.0543197
0.945158
0.00554163
0.222543
-0.00722245
0.133157
0.0149112
0.606214
-0.0161505
0.00189222
0.131279
0.000539175
0.000221913
0.0148165
-0.10506
0.0333314
-2.5137e-05
-0.00402177
0.0102399
0.00133406
0.00518081
0.0388694
0.146395
-0.00179347
-0.00408014
0.0661053
-0.0515087
-0.00685133
-0.152012
0.0232565
0.00196993
0.0129159
-0.00857563
0.000424893
0.00134896
-5.65142e-05
-0.000742666
-0.000959648
0.00510154
0.000523652
0.157422
-0.000200498
0.220823
-0.00269532
0.000314794
-0.0553603
0.0113029
-0.00241834
-0.00621477
-0.00555778
0.0776753
0.000923137
0.00120742
0.917729
0.00747174
0.0506512
0.000378085
0.0930618
0.999727
0.0015362
0
0.0303448
0.00126504
0.00278701
0.186002
0.00572472
-3.30459
0.0207384
0.0247704
-0.00492586
0.0316477
-0.00101153
-0.0146368
0.30538
0.00262218
-0.00859671
0.808191
0.0375463
-0.0297787
-0.00154278
-0.00187345
-0.0877822
0.331472
1
0.0180051
-0.0266919
0
0.211999
1
-0.00272571
0
1
-0.0029913
0.895927
1
1
0.188276
0.463563
0.110448
1
-0.0783324
0.00268104
-0.314578
0.00888465
0.998384
0.000494689
-0.000347283
-0.000173443
-0.0412206
0.0337135
0.00342848
-0.0103443
1
0.728316
0.0342641
0.629449
0.447665
0.0113864
0.0071113
-0.0324941
0.0174743
0.00206101
-0.00100792
0.214598
-0.001866
0.000892837
0.500624
1
-0.00527345
0.7766
-0.0115174
0.000258011
-0.00403561
0.00301408
0.0176858
0.00390186
0.0373294
-0.0499891
-0.00403039
0.000372504
0.0710947
0.000940265
0.025281
0.072347
0.0144619
0.000143179
0.00556823
0.208109
0.0484767
0.771063
0.00105803
0.0028231
0.000626127
0.0244873
0.00702741
-0.000242295
0.00348814
0.117779
0.0055121
0.00105284
0.00779525
-0.000285621
-0.00560479
0.00186354
0.0154588
0.668296
-0.000951758
0.957711
0.0034389
-0.00583523
0.000239923
-0.0126128
0.00990878
0.000442347
0.000870377
0.10887
0.000152842
-0.00036434
0.356122
0.0133893
0.93554
0.394576
-0.0198308
-0.0160048
1
0.698112
-0.00489713
1
0.117027
0.319308
0.0440779
0.000287508
0.000244272
0.0192482
-0.00747562
0.0317788
0.99956
0
0.00079721
0.368021
0.00267459
-0.112923
0.0863869
0.789946
0.000932881
0.000238229
0.235353
0.0303156
-0.0591162
-0.0363701
0.0070585
0.176945
-0.00619023
0.670834
-0.0287517
0.0056899
0.491452
-0.107886
0
0.000387097
0.185126
-0.000348012
0.00128183
0.176114
-0.027605
-0.023452
-0.166316
0.0207618
-0.00504262
0.109579
-0.0175448
0.0214048
0.502967
0.0279196
-0.00113569
0.928649
0.000880012
0.339888
0.00229463
-0.121239
0.010528
0.0119916
0.729139
0.00231402
0.00548208
-0.000219572
-3.40745e-05
0.00246951
0.0255595
-0.0216292
-0.000194779
0.000679691
-0.000164506
0.000943374
0.280329
0.0453019
-0.0316426
0.0107615
0.007309
0.845473
0.217644
0.0595134
0.761066
0.0362955
0.0329138
0.0580817
0.0967045
-0.010159
-0.254684
0.221265
0.0581663
-0.0785323
0.0607194
0.244178
0.0164244
0.0113561
-0.0231704
0.000670112
-0.0234461
0.00314121
-0.0193565
-0.125858
0.370927
-0.0159734
0.666534
0.830115
0.0011283
-0.00745941
0.00136834
0.000846585
-0.0421976
0.00565953
0.000751826
0.0164301
-0.105288
0.69323
0.00517258
0.121705
0.518148
0.0858404
0.00711953
-0.000550589
-0.00150367
7.49415e-05
0.00497475
0.012289
0.142817
0.0798754
-0.0474499
0.424854
-0.0126276
0.0217313
1
0.0265646
-0.037487
-0.0186636
0.408952
0.0151628
0.999908
0.0239717
0.0273642
0.0307984
0.000406308
-0.000384876
0.978838
-4.22502e-05
1
0.0376082
0.0209948
0.000841534
-0.00112817
-0.00125153
0.115189
0.27338
0.9298
0.00024025
2.3851e-05
0.285477
0.00506641
0.0145707
0.0104771
-0.00109481
0.635498
0.00832593
0.00322405
0.753877
0.00315428
-0.00765494
0.265315
0.000624104
0.00276428
-0.0114892
0.00151882
0.00132653
0.00425622
0.302203
0.335626
-0.334364
0.0121235
0.0762786
0.00224158
-0.0206549
0.385305
-0.0114876
1
0.466524
-0.0807435
0.602261
1
1
-0.0264954
0.0142515
0.00338531
-0.000641368
0.0467781
0.0467366
0.00108032
0.00229043
-4.58958e-05
-0.00320532
0.0218644
1
-0.0017061
0.0893512
0.0113529
0.00129133
0.00655911
0.00863335
0.00011829
0.000659944
-0.00514257
-0.00104164
-0.000887853
1
0.0130644
0.00962609
0.000675556
0.00156818
-0.0664576
0.0061818
0.00891416
0.000211999
0.00468677
-0.00200018
0.0322551
0.00630018
-0.106878
0.659577
0.00613609
1
0.994331
-0.00838867
-0.00186603
0.00137054
-0.00277343
-0.00340885
0.699093
-0.00399264
0.0016223
0.0177022
-0.0265358
0.011061
0.462421
0.0152782
-0.000515493
-0.00011121
0.01409
1
0.45678
-0.0942184
-0.0497315
-0.208108
0.00266755
0.15051
0.0324721
-0.0123962
-0.0102291
0.306203
-0.0315616
0.00297984
0.0123963
0.0445394
0.0155815
0.860948
-1.86589
-0.09881
-0.0198424
-0.040094
0.0250188
0.00754968
-0.042574
3.22113e-05
0.157691
0.936983
0.000181154
8.93283e-05
0.00106683
0.00578699
0.000342349
0.156241
0.955979
0.00095101
0.0485253
0.00087007
0.00891006
-0.00575995
3.32292e-05
-0.0054838
0.00585934
0.0235175
-0.147268
0.0426454
0.00530361
0.00303619
-0.0663195
0.21679
0.0195341
-0.0191076
0.0086692
0.0130515
0.152458
0.580367
1
-0.0357055
0.000813435
-0.00310961
-0.01227
0.0066762
0.0274341
-0.059066
0.288977
1
0.196884
-0.109957
0.000194695
0.00126799
-0.000521795
0.00287942
-0.00243724
-0.011289
0.000622665
-0.00488027
0.00896751
0.0110795
0.000498473
-0.337113
0.710063
1
0.0963223
0.0408525
0.00106079
0.333082
0.00480811
0.0823593
0.00521614
-0.0399082
0.000236337
-0.000995156
0.825879
0.274467
1
0.0252666
0.0562696
0.0238057
0.0606061
0.662531
0.295827
0.675773
1
0.00195031
-0.000519306
0.00672637
-0.00238917
-0.0357788
0.000171826
0.0204047
-0.032311
0.198164
0.928873
-0.149594
0.00307041
0.289628
0.00865193
0.0143671
0.695406
-0.000733257
0.0593398
-0.0192163
-0.00898569
-0.000103466
0.952546
0.00243233
0.585887
0.943358
-0.056409
0.247165
1
0.0439125
0.434438
0.472753
0.918592
0.451134
0.951529
0.0237959
0.0166152
-0.000109278
0.789998
-0.0418235
0.00155799
0.000493596
0
0.0217369
0.0238487
0.331111
0.0960865
0.00209184
1
0.424302
0.00124918
0.00431104
0.0345224
0.0305029
0.0110403
0.00729167
0.000165442
-0.130155
0.00375221
0.0155775
0.398097
0.03125
-0.0367948
0.0110201
-0.113747
0.399515
0.0603581
-0.0287713
0.00149204
0.099424
1
-0.0146067
0.000903609
0.00308744
-0.0682515
0.519103
-0.010927
0.0018284
-0.14425
0.0423112
0.0276652
0.00428362
0.000128209
0.00397908
0.104539
0.10735
-0.01299
0.00160587
-0.000488175
0.00851998
3.09645e-05
0.0161355
0.000516165
-0.0308513
0.0225752
0.224906
0.639357
0.202007
-0.00346197
0.00672283
0.00333642
-0.000887968
1
0.0218367
-0.00268034
0.0018528
0.00618475
-0.0527187
1
0.0304469
0.934403
0.000892367
-0.0019085
0.00964187
0.00155736
0.0013077
-0.00139513
-0.00472186
-7.70297e-05
0.00910812
0.227384
-0.159931
0.000445302
0
-0.00493122
0.0131174
-0.00571762
0.00645224
0.0345808
1
-0.0013873
0.0027631
1
-0.0641627
0.0011491
0.491159
0.124578
-0.000385336
0.0049158
-0.222317
0.025952
1
0.0131809
0.0104466
0.758916
0.0675267
0.0800716
-0.012298
0.948424
0.0562168
-0.0332421
1
0.21957
-0.0333191
-261.595
0.0883778
-0.00108227
0.00201128
0.00458404
0.504886
0.0115648
-0.0981176
0.0032668
0.475407
0.0100777
0.0231741
0.0793311
0.000464236
-0.259363
-0.0513879
0.00468163
0.00480552
1
-0.0554996
0.00151559
0.0250138
0.583901
-0.0885396
0.00150957
0.00089248
-0.0481253
-0.00594264
-0.000133862
0.00500293
0.0259968
0.0151304
0.0014567
0.00111297
0.00121891
0.0354031
0.0936395
1
-0.0290151
-0.00298108
0.000776587
0.0122696
-0.0937426
0.522942
0.0363762
0.405484
0.823248
-0.0803586
-0.0581571
-0.0136267
0.00583888
0.0800386
0.00316754
0.000335389
0.0125282
0.546052
0.563241
0.0159968
0.12338
0.0103299
-0.172682
0.327155
0.00298184
0.044343
-0.790751
0.122206
0.000904508
2.62467e-05
6.06894e-05
-0.001882
0.214469
0.00508326
0.468645
-0.0162604
0.0266534
0.0644563
0.186626
0.787511
0.0475324
-0.0453841
0.0281671
1
1
0.525134
-0.00308146
-0.00177481
0.00497948
-0.00102012
-0.000814548
0.0158344
0.0154298
-0.0349676
0.00757147
0.0688162
-0.00100011
0.100057
-0.166858
0.0343854
0.001739
-0.00106734
0.0662673
0.000555097
0.0645178
0.0589213
-0.0114513
0.13842
0.00167164
0.00585026
0.0370807
0.00805659
-0.000475028
1
-0.0231538
-0.00716762
0.148003
0.536027
0.766919
0.0101346
-0.0231871
0.0130183
0.0598004
0.015194
0.0300448
0.853752
0.391684
-0.0270982
0.0029401
0.999024
0.884067
0.0759304
0.000551426
0.00160742
0.00566697
0
0.313464
0.00277864
-0.0124469
9.60584e-05
0.00026905
0.00618574
-0.000535311
0.00304242
0.173379
0.0587396
-0.000860642
0.0224144
-0.0250828
0.0899327
0.000926945
-0.21152
0.147931
0.964251
0.105609
0.133496
0.740582
-0.000859737
3.35655e-05
0.00717175
7.13759e-05
0.00033332
2.3986e-05
0.0153544
-0.00223356
-0.0272327
0.000347796
1
0.763636
0.257506
0.00183698
-0.00418896
0.0128906
0.336431
0.00314515
-0.013292
0.000382417
0.00187272
0.0152827
0.455354
0.00225545
1
0.161969
0.686757
-0.436581
0.164209
-1.4936
-0.0486346
1
-0.490788
0.0386021
-0.00913577
0.00826519
0.000667511
0.0337579
0.00721629
0.872913
0.111228
0.383754
-0.0235155
1
0.00308741
0.0413597
-0.00577568
0.00615277
0.169922
0.000975419
0.00126016
-0.00945378
0.15673
0.000539035
0.122719
0.106444
0.000482805
-0.0520894
-0.0809856
-0.0324221
0.00325571
0.000263714
-0.00212599
-0.000159765
0.00110988
0.000659842
0.000355212
0.143256
-0.0105009
0.343371
-0.0356786
0.0208975
0.0996703
0.0129152
-0.136764
-0.000201565
0.00220483
0.00612884
0.0111195
0.000325798
0.365015
0.010441
0.0601298
0.00124803
0.00199343
-0.00274725
0.000250757
-0.0731514
-0.599894
0.608834
0.0009893
0.00471254
0.00160712
0.0017986
0.0279545
0.0027168
0.00582608
-0.00103739
0.000159859
0.0381722
-0.00684169
1
0.00533842
0.00813719
0.574425
0.0195672
0.819678
1
-0.000114064
0.000347455
0.0208122
-0.432236
0.639573
0.025556
-0.0512231
0.191866
0.0213435
0.0181949
-0.0367752
0.0192411
0.0159373
0.00322095
0.140005
0.930896
0.890409
1
0.975224
-0.000268284
0.00360908
-1.16692
-0.00918177
0.000144991
0.00850748
0.00125856
0.70228
-0.00605301
0.0350011
0.000218188
0.0324625
-0.0114165
0.518035
0.0256888
0.364191
-0.00571358
0.00465792
-0.0140828
0.0545529
0.0167242
0.0376934
0.00022765
0.016553
0.0195856
1.92942e-05
-0.0838992
0.00259388
0.966334
0.00247938
-2.50718
-2.88575e-05
0.189551
-0.0129263
-6.29763e-05
-0.001479
-0.0033451
-0.00219242
0.0119515
0.0122232
0.010974
0.0333034
0.0313056
0.000738424
0.0600465
-0.0169037
0.00473071
0.0736701
1
0.000181703
0.00188218
0.00401416
0.00568506
0.00729547
0.0469438
9.37866e-05
0.00118785
0.00931505
0.00281247
0.00207205
0.0295157
-0.0861407
0.183155
0.039645
-0.00152053
0.108215
0.528009
-0.032358
0.141252
-0.00125026
-0.000112869
-0.00370452
0.0103163
0.00115578
0.00288609
0.0107087
0.0307671
0.154027
-0.0143426
0.0200038
0.0708224
-0.00188894
-0.00312992
0.0653701
-0.0163867
-1.54703
0.0588108
0.0269722
0.00933429
0.599785
-0.00591062
-0.755877
0.000987878
0.00119711
-0.00151904
-0.0158969
0.0281676
0.612314
0.884144
0.860566
0.00876326
0.0279959
0.0262915
-0.00267252
-0.00368312
0.0185626
-0.0051531
-0.0109761
0.000534272
-0.0173891
0.00321444
0.00485534
0.0616327
0.726549
0.000608887
0.271543
-0.00208404
0.0592191
0.41587
0.021266
0.0063386
0.439363
0.0106514
1
0.0434669
0.148421
-3.27013
0.145921
0.0288981
0.00593053
-0.339784
0.0143177
-0.0461364
0.0125476
0.00594306
0.736111
-0.0272635
0.0154741
0.00842882
-0.247465
0.00405061
-0.0713815
-0.0991306
-0.0845793
-0.259742
-0.00879418
-0.440435
0.0336476
2.76098e-05
1
-1.25636
0.143021
-0.00112858
0.0137886
0.00705525
-0.0007231
0.0118406
0.615639
0.398825
-0.016827
0.0159691
1
0.00658598
0.00516105
0.0118753
-0.715753
0.297746
-6.02265e-05
0.00392598
0.0612619
-0.0121789
0.0194348
0.255129
0.000252227
-130.485
-0.0164841
0.000561054
-0.011065
0.00215692
-0.00355246
0.329298
0.364564
0.00944656
0.0290597
0.043391
0.11506
-0.132585
-0.000658042
-0.00569482
0.125842
-0.00113596
-0.00189424
-0.00574275
-0.0139728
0.811304
0.00208771
-0.793094
0.0394338
-0.102402
-0.00479622
1
0.00390538
-0.00680347
0.00216613
0.163583
0.00702479
-0.0700601
0.184411
0.342979
0.0148101
0.000110564
0.0118112
0.0355523
0.0429875
0.0557694
0.400059
-0.00333411
-0.017721
0.346825
0.64085
0.00470777
0.00244701
0.97952
0.000349728
0.016351
-0.00042483
0.355443
0.00492741
0.00535961
0.00774632
0.0999879
0.723582
0.00543519
0.000142002
-0.0144546
-0.206964
0.737649
0.784865
0.167745
0.0192571
0.00818413
-0.0417673
0.00148623
0.000584867
0.0035724
-0.0102283
-0.0211065
0.0881
0.0102049
0.0330435
0.0432763
0.536538
0.0363281
0.0263258
-0.757697
0.00576717
0.00120281
8.41078e-05
0.020528
0.000781283
0.000291286
0.00513889
0.00100305
0.43338
0.0147716
0.0160145
1
0.0772757
0.00246538
0.114039
0.185209
-0.147013
0.372583
-0.00303464
0.0797107
0.52049
1
-0.000176142
-0.00425317
-0.0244882
0.000120424
0.0150339
0.000908703
0.0140545
-0.000347484
0
-0.0159473
0.362966
-0.00217027
0.125843
0.684851
0.0269963
0.028917
0.00891895
0.0401175
-0.00479537
0.0090427
0.00135284
0.0307949
-0.00181758
0.00808641
0.0144454

