6045
52944
2357
210048
48990
182028
61833
348036
114581
333673
204405
307736
199858
191590
276453
191434
182110
292710
95455
34499
117390
156638
161122
58960
27985
359635
62449
339751
338000
138190
161016
195191
347894
310275
215423
286340
257329
332412
132833
73200
212061
224369
211470
286260
46712
177036
71789
303054
156276
292598
46421
118369
321420
170411
20600
333280
75617
2311
191497
2160
120042
71573
323807
20490
313819
167752
2212
333919
76223
346918
133811
361829
104326
274853
40870
93474
321191
168927
345460
244187
2332
207867
19225
26806
124787
193694
300997
138028
178486
84659
161442
106230
247915
1361
151824
120754
1101
322433
102885
319839
264476
38680
82257
216687
105670
15537
202855
318040
26131
12014
72797
21271
117311
79106
163680
188689
93028
15850
138658
17056
40850
37662
115870
119730
21591
62455
15330
8024
27944
24594
87648
33810
69710
14399
9120
16460
74681
136810
73905
36896
30016
5730
35846
46230
10126
74158
50074
32254
74914
143690
99119
35010
127433
52643
179069
77121
250408
210873
19591
84176
22816
250435
337280
291618
262763
341568
87350
296563
311359
42040
111646
105960
20433
353757
141778
257780
99553
103943
91122
116274
101797
251785
99530
58271
330670
19827
44880
72862
199005
293456
333540
69940
23455
196914
12957
23449
52344
37230
161120
139454
54774
8489
29958
98279
74781
160290
116867
248275
315749
233610
216711
22270
60204
8125
203794
120926
99654
