1.17242048099302
3.16159082766034
0.00831023954080373
2.28013156609242
1.54177812745869
1.77230373781729
1.76272877587092
1.73865867366055
1.72040960345941
1.66031248445042
2.16093497267182
2.10288369550362
2.80160365588685
1.67896452607964
1.77689578485943
1.37132337139501
1.61003987304282
2.52636757521879
1.96251978864697
2.16064382789503
2.94217900198
3.10530906784029
1.8981657104485
2.06269241533725
2.0761925958899
1.88527469071084
1.81269048793939
1.7002937658581
1.66702834934601
1.24744985466428
1.53244948653767
1.78251737395322
1.59571228063738
1.52366711354027
1.49995126027016
1.47236677019272
1.31569555791885
1.51081942178247
2.51377691987434
1.64805475504323
1.5565823760414
1.40066047394312
2.89760348583878
1.42149876600837
1.13956722207314
1.44220147612298
1.387736560283
1.48060171093838
1.63260274545037
1.45942171390949
1.93954207403693
1.45593535134869
1.60666620012597
1.43916054387298
1.86071718905248
1.58731217107613
1.42380764088949
0.00987349451638675
1.42769701036308
0.00878266562033675
1.47430087321764
2.09743875278396
1.61941556265722
1.40361693382655
1.54337466126994
1.40280809145113
0.00914378309557568
1.6600414613897
1.47052127946907
1.73387044376584
1.40038512657897
1.80542582280502
1.39895942285515
1.65683886913015
2.00500392464678
1.30481029621151
1.61703980788304
1.74697250173222
1.72597962558643
1.65687551737708
0.01166
1.79846859318221
2.01456565021482
1.38596763352464
1.47764357608052
1.77803684698495
1.47883912428268
1.6510921313907
1.40371049051143
1.4729452293131
1.44967853166194
1.48829454866414
1.45816055852581
0.0109694371010381
1.46553921000811
1.40310473844438
0.0246160037561205
1.56262206735452
1.49305605944071
1.51445374092646
1.4933456801974
1.62514180076467
1.60332527678154
1.71489284244516
2.14088901495198
1.96820369901191
1.65982080759318
2.39668425018839
2.01690336523618
2.33462883793237
1.81933371654212
1.85190666898833
1.62705963938974
1.62987534768724
3.3887497153268
3.1661884386274
1.73336563006577
2.29943420861744
1.85694388643364
1.7869041382923
1.595703125
4.35902777777778
1.81126117676483
1.77094426695066
2.85029702970297
1.75825567973875
1.74105621805792
1.95707317073171
8.63001852995676
2.17165562913907
1.62422400533699
1.80454739538856
2.16168444554701
1.63272479873001
2.17142857142857
1.67038765983357
1.4060511352939
2.08777793038197
1.61100817438692
6.7773695811903
1.53142857142857
1.790625
1.69084905660377
1.74901634382567
3.75037037037037
2.16836257309942
1.69742372881356
1.96670731707317
2.48438018173377
1.98796347537355
1.64376451077944
2.36633997972288
3.97458050028071
1.49685802837726
2.60725673767126
1.51128747795414
1.68712396326715
3.11532154412091
1.4803536345776
1.50585878101576
1.63625932300631
3.19192189551231
2.80776530918051
2.36677947943805
1.62440034619189
1.56521021881086
1.50866163491597
1.95379740163913
1.86756758377869
2.00200009524263
1.67490773800594
2.22600365538539
2.36001386001386
2.74747780703185
1.84323565355313
1.53886564027866
1.61242934192838
1.39488975669981
1.72393438901186
1.66875726566873
1.4782109925216
1.69037676566948
1.68062544324744
1.63696378908335
2.79551257122567
2.11442892183001
6.442721791559
1.77133271746001
1.41742462553152
1.84269154934884
1.74628272251309
2.14810037163304
4.29736167094174
2.62986804850686
3.81649484536082
2.53447903156074
7.7558156763965
2.76371464627719
2.375
1.99727879464925
3.8874378992193
2.88447162759089
1.55625974025974
2.30345005390709
2.52681196147998
1.68264032500184
3.33400850141215
1.53782069546474
1.82808691473532
1.58167341467048
1.90847365083838
2.07201339784146
2.06815527310203
2.46810449574727
1.53035263727021
2.02596836885136
1.87041798832561
