0.541311093871218
0.627731995700466
0
0.477838929234377
0.509236821400472
0.456054601925867
0.481441359256514
0.455971025352816
0.475908770138587
0.456172563069115
0.504826040532397
0.446460297936313
0.494974557382564
0.444887478968031
0.445681377023049
0.448903279416611
0.465648180074088
0.606557801522501
0.386109911799173
0.390806037452245
0.395097621494273
0.405059276000159
0.427470753861197
0.419640358242373
0.464351954892796
0.455493814216817
0.496589358799454
0.484148154079442
0.477648010416461
0.528678979580783
0.503573773924299
0.451832369889409
0.446009045124714
0.448602169546792
0.479480573736248
0.515441494066106
0.528238506217278
0.46546920521223
0.497483062715264
0.507564841498559
0.463728116856902
0.512535271056509
0.473835655855634
0.447057538273604
0.21163182161938
0.444124020398521
0.473642496762096
0.440676558385406
0.459518188086333
0.446248921387208
0.475892036433526
0.468948721417941
0.445499715076929
0.483861160374968
0.409357781591545
0.468158978877432
0.511852981603871
0
0.487907254156415
0
0.465556415263501
0.467999062243582
0.445389666571644
0.518290176736539
0.439431867921095
0.457573400901466
0
0.438889192696034
0.463132306979975
0.445135268863422
0.467217146505081
0.453735305271141
0.500107275994314
0.461908493580083
0.490728021978022
0.527848348641782
0.46652804978125
0.54906563802393
0.422281954304957
0.439862123247703
0
0.451124762069562
0.474064759509588
0.454681764128018
0.445411486086442
0.442962446184492
0.444496305321909
0.440309576784134
0.446792446894686
0.463463010647923
0.44569160590496
0.477464729534724
0.462371852557655
0
0.456977103363064
0.458390462689689
0
0.450438836682967
0.463495334426563
0.434876486213901
0.44176552627567
0.313726314020419
0.313991111804148
0.30494792491057
0.305603954779367
0.313275905751203
0.296763899684981
0.298206480783723
0.293531954306885
0.301399144966965
0.298028140854222
0.285826223228278
0.306490984743412
0.29623982692902
0.32256060951119
0.304505411527813
0.31548938866012
0.39910053677644
0.315976965314048
0.313148245154531
0.2969921875
0.354050925925926
0.315669355342963
0.317240563246953
0.298745874587459
0.287238534951156
0.305962521294719
0.313414634146341
0.292155651636813
0.292450331125828
0.293145303263347
0.32130657557643
0.304794095757876
0.307517859167706
0.292142857142857
0.322001217779582
0.290243626915691
0.28559874254147
0.286234332425068
0.323842762674504
0.299030612244898
0.3365625
0.287924528301887
0.302020278450363
0.298888888888889
0.299327485380117
0.328508474576271
0.287073170731707
0.294620945811501
0.288309352517986
0.275820895522388
0.280702940182494
0.302414072734078
0.577497227672098
0.586537761535214
0.570252792475015
0.456519542119483
0.442110239477611
0.465694423454738
0.43018658652212
0.462707974756168
0.43422679361195
0.423986880223769
0.41506172238319
0.429605588526212
0.419993126360408
0.403219399298779
0.401784067251693
0.410163208752452
0.425544073527311
0.445677938131957
0.444696539988656
0.435550935550936
0.4185636509083
0.544332925973114
0.445016207697313
0.434524870021542
0.475072802179368
0.402898386211855
0.381919428218781
0.302766281855805
0.378235941779902
0.370774374387896
0.368570385144816
0.371827604281149
0.377092886850805
0.378409417169107
0.388243302377595
0.365636507382531
0.343457621158652
0.330350785340314
0.325224976197058
0.322828875045804
0.333498050109514
0.35699558173785
0.0379377431906615
0.325677878204178
0.336055229752802
0.326650943396226
0.336025894417232
0.321291696238467
0.347604485219164
0.332831168831169
0.343435053672714
0.338131441121811
0.34406525230682
0.340883804524577
0.32446762384946
0.33930442737131
0.331934081707268
0.327259757644075
0.342854484555266
0.31999312950876
0.426792223572296
0.353500841042893
0.34073850690256
0.339064171624843
