33.7
37.4
0
763.7
243
896.3
290.8
1771
555.8
1792.6
728.7
1360.4
561.9
1054.6
1405
1246.5
987.5
453.1
474.2
150
377
463.8
738.2
249.6
108.2
1521.6
242.3
1449.3
1546.3
702.1
724.2
904.6
1803.8
1607.8
1045.3
1293.3
1226.2
1693.1
366.7
294.1
1067.8
1057.9
565.8
1655.5
948.1
1039.7
390.2
1653.9
738.8
1669.7
177
628.4
1657.3
860.2
101.7
1614.1
353.6
0
956.1
0
644.1
274.3
1641.8
93.5
1688
999.4
0
1708.8
417.8
1672.6
759
1666.2
535.1
1349.3
149.2
457.3
1541.2
550.6
1697.4
1250.8
0
951.8
70.8
165.2
722.8
945.7
1749.9
722.6
1096.1
474.6
956.3
561.1
1374.5
0
851.1
714.7
0
1739.6
558.9
1873
1552.3
293.1
629.2
1546.7
607.3
95.5
1546.1
1680.3
168.3
67
503.4
155
912
608.3
578.3
729.5
646.5
63.7
889.8
113.1
319.2
99.7
771.8
790.9
99.7
455.3
108.9
48.2
42.7
143.6
685.2
222.7
393.5
118.6
52.2
126.8
680.2
828.4
589.3
61.4
243.9
37.8
267.2
330.4
33
427.1
349.1
207.2
377.9
926.7
782.3
184.6
392
139.5
256.2
221.1
1125.5
556
95.9
468
108
637.2
1032.7
1097.3
1364
1912.5
537.8
1415.2
1504.6
181.4
532.1
381.7
69.5
1150.3
429.5
1357.2
523.3
558.9
493.4
688.7
1020.7
1487.3
601.1
366.2
1191.6
97.4
67.1
401.3
1437.8
1702.2
2163.4
355
61.8
826.8
37.9
293.5
74.3
145.8
780.6
757.7
160.3
30.3
213.1
456.6
324.4
1027.4
380.6
1843
1850.8
1634.7
1275.2
114.3
322.2
25.7
1411.4
639.2
584.4
