144
151
134
108
150
290
149
184
154
217
146
166
162
161
145
161
140
132
138
190
131
162
119
247
155
127
142
163
164
129
159
168
229
202
124
225
225
216
156
148
123
164
162
157
172
150
158
233
116
139
138
154
176
156
171
166
155
95
152
94
107
201
216
95
113
111
94
112
113
112
115
123
111
125
125
116
131
128
119
113
95
132
120
117
137
120
107
105
140
156
158
156
134
105
115
114
120
126
117
111
159
136
93
107
95
140
138
95
150
138
164
125
124
123
149
140
113
120
113
115
94
155
102
117
134
126
96
153
130
156
93
147
160
94
116
111
115
130
133
164
160
101
153
152
129
171
195
139
151
94
120
96
129
112
93
115
109
129
115
124
94
158
104
111
122
118
145
234
107
148
140
138
151
115
102
139
144
122
124
124
122
137
125
124
119
119
136
95
95
126
94
183
173
177
124
127
175
129
115
119
120
107
162
116
161
155
133
128
126
138
159
168
176
155
142
158
127
