522
272
480
188
179
262
189
253
290
1810
1399
498
502
1288
459
172
2082
389
197
499
228
512
52504
177
51173
572
51330
244
389
175
345
170
542
183
561
357
341
558
415
202
569
329
610
189
229
375
171
239
605
311
269
189
180
581
257
1337
250
462
1582
413
594
391
233
158
285
450
276
199
169
616
436
537
199
170
180
265
194
191
181
562
277
369
270
201
701
1502
179
1302
627
524
197
382
405
399
575
239
333
464
548
244
650
814
367
301
624
251
1409
1113
398
1824
1882
677
243
497
412
1443
2513
568
216
213
265
1733
255
340
343
202
211
616
497
1335
445
254
922
208
268
509
229
723
251
1439
864
246
269
971
402
502
3142
487
1752
1137
454
567
1262
299
965
254
249
269
795
218
171
903
246
236
253
615
317
215
465
176
825
188
821
542
1111
331
294
201
710
1055
636
564
409
432
308
685
8146
245
359
1720
331
433
3529
6304
6225
1081
2920
1193
1091
7046
273
615
536
1528
208
734
518
470
282
314
292
423
307
241
1230
271
1344
