109788
109789
109793
109795
109798
109799
109800
109802
109803
109804
109805
109807
109812
109816
109822
109826
109827
109952
109959
109961
109962
109963
109964
109966
109967
109969
109972
109974
109978
109979
109983
109988
109990
109992
109993
109997
109999
110000
110001
110005
110007
110008
110011
110012
110013
110016
110021
110023
110024
110028
110030
110033
110034
110035
110038
110039
110040
110041
110042
110043
110044
110048
110049
110055
110056
110063
110066
110068
110069
110070
110071
110073
110074
110075
110076
110077
110078
110079
110081
110082
110087
110088
110092
110097
110098
110099
110102
110105
110110
110111
110112
110113
110116
110117
110118
110119
110120
110121
110124
110127
110128
111809
111813
111817
111819
111820
111821
111823
111824
111825
111826
111830
111831
111834
111835
111836
111837
111839
111842
111844
111847
111849
111850
111854
111862
111864
111865
111866
111868
111870
111872
111874
111878
111879
111880
111881
111882
111887
111888
111890
111893
111894
111898
111907
111909
111910
111913
111916
111921
111922
111925
111927
111929
111941
111942
111946
111947
111948
111949
111950
111953
111955
111956
111957
111958
111959
111961
111962
111965
111967
111969
111970
111971
111972
111973
111980
111983
111985
111990
111991
111992
111994
111996
111997
111998
111999
112003
112009
112048
112050
112053
112056
112057
112061
112062
112066
112071
112073
112074
112075
112079
112081
112084
112085
112088
112090
112091
112093
112101
112104
112105
112106
112107
112110
112111
112114
112115
