0.152831652443755
0.0495043592499701
0
0.186797798547562
0.169598741148702
0.19568286484855
0.185614915331547
0.197492194329961
0.188795964024564
0.198810767776285
0.172553414172596
0.208295749624163
0.177551621178351
0.205753996074033
0.205679320229847
0.203777991088698
0.194626422300613
0.084410764530217
0.212812763420301
0.204484248763074
0.202411087997193
0.199674874112842
0.186574461317343
0.195354044220543
0.171229319682469
0.174009226252883
0.147194566195466
0.158028015353895
0.173938132533686
0.14642799111737
0.155875550818018
0.177474589737267
0.180604353768955
0.172640531926909
0.15854337835956
0.144542257142269
0.135854671138743
0.166529558542139
0.15082699367927
0.141165345821326
0.169603993100158
0.14271980423003
0.167386031980927
0.178280754199792
0.457759020272743
0.182951268390439
0.164717480814212
0.177728487465984
0.168655063621738
0.180837851453197
0.162989888861035
0.166984415935843
0.178826716786468
0.158145426906511
0.198536717550357
0.166008620484366
0.144325820482404
0
0.156422873331842
0
0.17098362870442
0.169147813855351
0.179987297014798
0.141046718728593
0.183659317474291
0.182684829783498
0
0.183712733220317
0.177991279854921
0.188151916954464
0.182056031731081
0.188526635131629
0.163381339340789
0.185966604376394
0.172095761381476
0.149278315977554
0.172668643551546
0.125691593327611
0.185288254485319
0.183595923407836
0
0.176293476379997
0.167662160746097
0.196525515743757
0.195843694493783
0.195617650568677
0.195478932473862
0.196332448144692
0.195252962965876
0.187399958243441
0.198107108221687
0.179749779340684
0.187749604455973
0
0.190856789837445
0.190769445283633
0
0.193422538419413
0.186129533152418
0.204199042572837
0.199652179804972
0.270744926683753
0.264579759862779
0.266588052803191
0.268284776530654
0.260450975424373
0.271578775109438
0.272908816880181
0.282957702994751
0.266420520792849
0.274060930197686
0.298450287306286
0.272246879334258
0.269846502523952
0.257510196476263
0.264820874234416
0.260429670759656
0.205861018424489
0.260519619659837
0.26600314300681
0.269453125
0.242939814814815
0.261598824485712
0.257617441722873
0.271947194719472
0.273978773120126
0.26473594548552
0.250975609756098
0.274243360098826
0.273024282560706
0.271593499249486
0.260834756618275
0.262341850657405
0.274067354575349
0.259285714285714
0.260604830525675
0.268930978649697
0.27470280333898
0.274550408719346
0.255143277002204
0.263928571428571
0.251875
0.267783018867925
0.26490617433414
0.264814814814815
0.261345029239766
0.248338983050847
0.267012195121951
0.264973137892154
0.266754288876591
0.272819237147595
0.270158837445083
0.25993387811116
0.0860701185703318
0.0829050246793145
0.092925729962767
0.163674093637779
0.17564153702965
0.162006951790842
0.180665128177606
0.162650602409639
0.175811570374336
0.184667510239419
0.190645467604879
0.18275840751731
0.188585175850613
0.196860049396363
0.199244999604712
0.194506924825605
0.179913329206153
0.174622700951124
0.173693829961555
0.177870177870178
0.191197371793378
0.120205933591617
0.174881949460639
0.182682496234269
0.161251794892441
0.200465406663261
0.210715157081964
0.302795324185
0.212518126644825
0.214497990611597
0.218557743630081
0.216111796831409
0.216380505492162
0.212173413723801
0.206131181018136
0.210770731985271
0.224628580757783
0.231162303664921
0.231948155655886
0.227006229388054
0.229405951172605
0.22739322533137
0.581603977518374
0.230997184768114
0.218988939202732
0.234021226415094
0.228882014264845
0.239602555003549
0.219843696907917
0.23174025974026
0.223995687432616
0.228788646730867
0.223050356389288
0.226257381679172
0.235267519789899
0.224859744906526
0.229312516080109
0.23148865717909
0.221994789728322
0.232497423565785
0.171020656136087
0.219737474468341
0.225757271143278
0.226355599767263
