115099 0.00466705
115107 0.00561174
115109 0.0055096
115112 0.00556689
115113 0.0057857
115115 0.00572637
115116 0.00560738
115117 0.00561086
115118 0.00558817
115120 0.00558091
115122 0.00559605
115123 0.00544626
115129 0.00538803
115130 0.00540594
115131 0.0054201
115135 0.00540505
115137 0.00540345
115139 0.00539332
115140 0.00539124
115141 0.00542222
115142 0.00543494
115150 0.00546648
115156 0.0054796
115160 0.00546337
115161 0.00547428
115162 0.00549366
115164 0.00550692
115166 0.00550925
115167 0.00551323
115170 0.00552753
115172 0.00554209
115175 0.00555067
115177 0.00554739
115178 0.00554347
115179 0.00554476
115180 0.00555499
115183 0.00556083
115184 0.00556367
115186 0.00556672
115188 0.00557373
115190 0.00556919
115191 0.00557745
115194 0.00557249
115195 0.00557325
115196 0.00557721
115197 0.00557694
115198 0.00557136
115199 0.0055813
115200 0.00557338
115203 0.00557
115205 0.00557304
115206 0.00556387
115209 0.00556012
115210 0.0055585
115212 0.00556174
115213 0.0055628
115214 0.00557548
115215 0.00558025
115216 0.00557761
115217 0.00557579
115220 0.00556325
115236 0.00556713
115238 0.00556054
115240 0.00555535
115241 0.00555001
115242 0.00555073
115244 0.00554767
115246 0.00555429
115247 0.00554121
115248 0.00554363
115251 0.0055447
115253 0.00554092
115254 0.00553812
115256 0.00554003
115257 0.00554245
115259 0.00554484
115260 0.00554431
115261 0.00554298
115262 0.00554355
115263 0.00554468
115272 0.00555255
115273 0.00555241
115275 0.00555338
115278 0.00555367
115279 0.00555439
115280 0.00554958
115281 0.00554755
115282 0.00554136
115284 0.005543
115286 0.00554417
115287 0.00553782
115288 0.00553691
115289 0.00554614
115292 0.0055601
115293 0.00555368
115295 0.00554875
115296 0.00554461
115297 0.00554385
115298 0.00554829
115299 0.0055477
115301 0.00554515
115303 0.00554697
115304 0.00555202
115309 0.00555502
115310 0.00555635
115311 0.00555643
115312 0.00555353
115313 0.00554839
115314 0.00554578
115315 0.00554603
115316 0.0055449
115317 0.00554496
115325 0.00554526
115326 0.00554659
115327 0.00554508
115329 0.00554531
115330 0.0055467
115334 0.00554296
115335 0.00554001
115336 0.00553676
115338 0.0055394
115339 0.00553892
115340 0.00553858
115356 0.00554097
115360 0.00554215
115361 0.00554466
115362 0.00554582
115363 0.00554707
115364 0.00554704
115365 0.00554773
115366 0.0055468
115367 0.00554592
115368 0.00554796
115370 0.00554863
115371 0.00554895
115372 0.00555098
115373 0.00555061
115375 0.00555181
115377 0.00555356
115378 0.00555323
115379 0.00555073
115380 0.00555057
115381 0.00555179
115383 0.005552
115384 0.00555435
115385 0.00555482
115387 0.00555829
115388 0.00556008
115389 0.00556029
115390 0.00555905
115391 0.00556235
115392 0.00556398
115393 0.00556209
115396 0.00556358
115397 0.00556241
115398 0.00556329
115400 0.00556301
115404 0.00556349
115411 0.00556435
115412 0.00556376
115414 0.0055619
115415 0.00556463
115416 0.00556641
115418 0.00556558
115419 0.00556422
115420 0.00556276
115422 0.00556524
115423 0.00556506
115424 0.00556519
115427 0.00556596
115430 0.00556626
115431 0.00556629
115433 0.00556607
115435 0.00556527
115437 0.0055653
115438 0.00556849
115441 0.00556848
115442 0.0055688
115444 0.00557016
115445 0.00556991
115446 0.00557186
115447 0.00557082
115450 0.00557013
115451 0.00557098
115453 0.00556884
115454 0.00557216
115455 0.00557069
115456 0.00557129
115457 0.00557256
115458 0.00557345
115461 0.00557448
115462 0.0055727
115463 0.00557374
115464 0.00557329
115465 0.00557348
115468 0.00557315
115469 0.00557506
115470 0.00557526
115472 0.00557597
115474 0.00557806
115475 0.00557834
115476 0.00557913
115477 0.00557801
115478 0.00557688
115479 0.00557641
115480 0.00557711
115481 0.00557728
115482 0.0055779
115484 0.0055748
115485 0.00557291
115486 0.00557097
115487 0.00557035
115488 0.00556986
115489 0.00556848
115490 0.00556813
115491 0.00556834
115496 0.00556812
115499 0.00556899
115500 0.00557243
115501 0.00556906
115502 0.00556916
115503 0.00556707
115504 0.00556956
115505 0.00557227
115506 0.00557118
115508 0.00557152
115509 0.00557184
115511 0.00557084
115512 0.00557073
115513 0.00557048
115514 0.00557001
115515 0.005571
115516 0.0055701
115517 0.00557349
115519 0.00557347
115522 0.00557624
115523 0.00557609
115524 0.00557833
115525 0.00557857
115526 0.00557921
115531 0.00558022
115532 0.00557984
115534 0.00557942
115536 0.00557941
115537 0.00557967
115538 0.00557808
115540 0.00557902
115542 0.0055773
115544 0.00557613
115545 0.00557857
115546 0.00557876
115547 0.00557935
115548 0.00558069
115549 0.00558078
115550 0.00558152
115552 0.005582
115553 0.00558166
115557 0.00558361
115558 0.00558332
115559 0.00558438
115560 0.00558227
115562 0.00558207
115564 0.00558382
115569 0.00558424
115570 0.00558457
115571 0.00558445
115572 0.00558462
115573 0.00558365
115574 0.00558469
115576 0.00558524
115577 0.00558633
115578 0.0055856
115580 0.00558644
115581 0.00558618
115592 0.00558618
115593 0.00558714
115594 0.00558745
115598 0.00558749
115601 0.0055877
115606 0.00558775
115608 0.0055876
115609 0.00558735
115610 0.00558672
115611 0.00558609
115612 0.00558631
115613 0.00558679
115617 0.00558722
115618 0.00558671
115619 0.00558714
115620 0.00558763
115621 0.00558641
115622 0.00558689
115623 0.00558727
115624 0.00558503
115625 0.00558487
115626 0.00558428
115628 0.00558482
115629 0.0055854
115630 0.00558316
115631 0.00558324
115632 0.00558169
115635 0.00558167
115636 0.00558139
115637 0.00558234
115638 0.00558243
115639 0.00558224
115640 0.00558165
115641 0.00558146
115643 0.00558174
115644 0.0055826
115647 0.00558424
115648 0.0055829
115649 0.00558223
115650 0.00558205
115652 0.00558212
115653 0.0055817
115654 0.00558164
115656 0.00558211
115657 0.0055814
115658 0.00558196
115659 0.00558237
115660 0.00557962
115661 0.00558186
115663 0.0055818
115664 0.00558036
115665 0.00558019
115666 0.00558138
115667 0.00558064
115668 0.00558059
115669 0.00558161
115670 0.00558137
115672 0.00558205
115673 0.00558131
115675 0.00558143
115676 0.00557972
115678 0.00557921
115679 0.00557806
115682 0.00557885
115683 0.00557966
115684 0.00557877
115685 0.00557793
115686 0.00557857
115687 0.00557651
115688 0.00557612
115689 0.00557726
115691 0.00557622
115693 0.00557592
115694 0.00557552
115695 0.00557627
115696 0.00557496
115697 0.00557471
115698 0.00557465
115699 0.00557299
115701 0.00557213
115703 0.00557023
115704 0.00557088
115705 0.00556963
115706 0.00556844
115709 0.00556916
115710 0.005569
115711 0.00556864
115713 0.00556851
115714 0.00556943
115716 0.00556978
115718 0.00557005
115719 0.00556995
115720 0.00556974
115723 0.00556963
115724 0.00556961
115725 0.00556954
115726 0.00556975
115727 0.0055724
115728 0.00557185
115729 0.00557086
115731 0.00556921
115732 0.00556951
115733 0.00557069
115734 0.00557038
115736 0.00557057
115738 0.00556897
115739 0.0055689
115740 0.00556908
115741 0.00556874
115744 0.00556724
115745 0.00556733
115749 0.00556705
115757 0.00556708
115758 0.00556721
115759 0.00556717
115760 0.00556669
115761 0.00556773
115762 0.00556792
115764 0.00556804
115765 0.00556702
115766 0.00556638
115767 0.00556805
115775 0.00556834
115776 0.00556731
115777 0.00556796
115778 0.00556633
115779 0.00556613
115780 0.00556615
115784 0.00556531
115785 0.0055657
115786 0.00556619
115788 0.00556579
115791 0.00556457
115792 0.00556356
115794 0.00556381
115795 0.00556472
115797 0.00556511
115801 0.00556496
115802 0.00556586
115803 0.00556559
115805 0.0055664
115806 0.00556701
115807 0.0055679
115808 0.00556865
115809 0.00556871
115810 0.00556799
115811 0.00556781
115813 0.0055676
115815 0.00556801
115816 0.00556796
115818 0.00556779
115819 0.00556767
115820 0.00556794
115823 0.00556687
115852 0.00556764
115853 0.00556716
115854 0.00556724
115855 0.00556606
115856 0.00556561
115857 0.00556519
115858 0.00556536
115859 0.00556598
115860 0.00556684
115861 0.0055669
115862 0.00556616
115863 0.00556614
115865 0.00556565
115866 0.00556538
115868 0.00556626
115870 0.00556476
115871 0.00556604
115872 0.00556465
115873 0.0055641
115876 0.00556432
115877 0.00556601
115879 0.00556613
115880 0.00556699
115881 0.00556577
115882 0.00556449
115884 0.00556367
115885 0.00556436
115887 0.00556438
115891 0.00556419
115892 0.00556404
115893 0.00556347
115894 0.00556332
115895 0.00556298
115896 0.00556315
115897 0.00556263
115898 0.00556418
115899 0.00556413
115903 0.00556283
115905 0.00556133
115908 0.00556133
115910 0.00556269
115912 0.00556079
115915 0.00556061
115916 0.00556103
115918 0.00556192
115919 0.00556272
115920 0.00556218
115925 0.00556125
115929 0.0055609
115930 0.00556094
115932 0.00556075
115933 0.00556135
115934 0.00556096
115935 0.00555961
115937 0.00555794
115938 0.00555838
115939 0.00555784
115944 0.00555775
115949 0.00555806
115950 0.00555866
115953 0.00555898
115954 0.00555776
115955 0.00555758
115956 0.00555767
115957 0.00555615
115958 0.00555687
115959 0.00555685
115961 0.00555721
115962 0.00555707
115963 0.00555713
115964 0.00555641
115965 0.00555464
115966 0.00555451
115967 0.0055537
115969 0.00555332
115970 0.00555324
115971 0.00555332
115972 0.00555215
115975 0.00555208
115976 0.00555208
115982 0.00555217
115984 0.00555228
115985 0.00555125
115986 0.00555103
115987 0.00555008
115988 0.00555024
115989 0.00555047
115990 0.00555035
115991 0.00555056
115992 0.00555031
115993 0.00554973
115994 0.00554954
115995 0.00554927
115999 0.00554975
116000 0.00554908
116001 0.00554866
116002 0.00554786
116003 0.00554718
116004 0.00554562
116006 0.00554609
116007 0.00554528
116008 0.0055454
116010 0.00554526
116011 0.00554517
116013 0.00554539
116014 0.00554426
116015 0.00554269
116016 0.00554269
116017 0.00554301
116018 0.00554241
116020 0.0055429
116022 0.00554223
116023 0.00554008
116024 0.005539
116026 0.00553884
116029 0.00553735
116031 0.0055368
116032 0.00553702
116033 0.00553609
116038 0.00553615
116040 0.00553541
116041 0.00553486
116042 0.00553452
116043 0.00553263
116044 0.00553265
116046 0.00553293
116047 0.00553188
116048 0.00553083
116050 0.00552906
116051 0.00552815
116052 0.0055278
116053 0.00552717
116055 0.00552669
116056 0.0055247
116057 0.00552306
116058 0.00552401
116062 0.00552398
116063 0.00552358
116064 0.00552315
116065 0.00552338
116068 0.00552239
116069 0.00552211
116070 0.00552189
116071 0.00552202
116073 0.005522
116074 0.00552065
116076 0.00552044
116077 0.0055198
116078 0.00551992
116079 0.00551992
116080 0.00551956
116081 0.0055195
116082 0.00551902
116083 0.00551883
116086 0.00551886
116087 0.00551924
116093 0.00551926
