126252 0.103235
126253 0.101796
126254 0.100666
126255 0.100757
126256 0.101126
126257 0.10074
126258 0.100722
126259 0.10073
126260 0.100411
126263 0.100433
126265 0.101157
126266 0.100717
126268 0.100624
126273 0.100705
126276 0.10061
126288 0.099446
126290 0.0985054
126292 0.0980179
126293 0.0974581
126294 0.0972297
126296 0.0970002
126298 0.096829
126299 0.0966762
126300 0.0965216
126302 0.0964247
126304 0.0965775
126305 0.0964768
126308 0.0963684
126309 0.0962625
126310 0.096179
126311 0.096188
126314 0.0961189
126315 0.0960311
126316 0.0959496
126318 0.0959623
126322 0.0959458
126323 0.0959027
126325 0.0958829
126326 0.0958709
126329 0.0958285
126341 0.0958622
126344 0.0958381
126345 0.0958618
126347 0.0958764
126349 0.0959048
126352 0.095873
126353 0.0958695
126354 0.0958643
126355 0.0958523
126356 0.0958354
126359 0.0957971
126361 0.0957759
126362 0.0957607
126364 0.0957127
126367 0.0957396
126369 0.0957394
126370 0.0958011
126371 0.0957953
126372 0.0958244
126373 0.0958091
126374 0.0958101
126376 0.0957781
126429 0.0959498
126431 0.0959317
126432 0.0959405
126433 0.0959328
126434 0.0959196
126435 0.0959468
126436 0.0959517
126449 0.095951
126451 0.0959548
126453 0.0959544
126454 0.0959645
126460 0.0959955
126461 0.0959984
126462 0.096
126464 0.0960613
126465 0.0960652
126467 0.0960532
126469 0.0960463
126471 0.0960604
126472 0.0960787
126473 0.0960873
126475 0.0961001
126476 0.0961164
126477 0.0961384
126478 0.0961595
126479 0.0961812
126480 0.0961994
126483 0.0962156
126485 0.0962278
126487 0.0962412
126488 0.0962701
126490 0.0962937
126492 0.0963118
126494 0.0963151
126496 0.096305
126499 0.0963029
126503 0.0963285
126505 0.0963025
126506 0.09629
126507 0.0962822
126508 0.0962333
126509 0.096213
126510 0.0961958
126511 0.0961854
126512 0.096187
126513 0.0961702
126514 0.0961525
126517 0.0961273
126520 0.0961217
126521 0.0961146
126522 0.0960938
126523 0.0960718
126527 0.0960558
126528 0.0960532
126531 0.0960502
126532 0.0960175
126535 0.0960173
126536 0.0959899
126538 0.0959667
126539 0.095945
126540 0.0959894
126541 0.095972
126542 0.0959683
126543 0.0959737
126546 0.0959667
126552 0.0959312
126554 0.0959176
126555 0.0959103
126556 0.095885
126557 0.0958693
126559 0.0958421
126562 0.0958652
126563 0.0958464
126564 0.0958373
126566 0.0958347
126568 0.0958267
126569 0.0958204
126572 0.0958102
126573 0.0958592
126575 0.0958776
126576 0.0958731
126577 0.0958637
126578 0.0958569
126579 0.0958544
126581 0.0958432
126618 0.0958427
126619 0.0958415
126621 0.0958413
126622 0.0958445
126624 0.0958449
126625 0.0958473
126641 0.095847
126643 0.0958472
126644 0.0958469
126646 0.0958473
126647 0.0958468
126651 0.0958472
126652 0.0958511
126653 0.0958612
126656 0.0958719
126657 0.0958878
126658 0.0958987
126662 0.095915
126664 0.0959272
126665 0.0959351
126666 0.0959457
126667 0.0959596
126668 0.0959738
126669 0.0959987
126670 0.0960092
126673 0.0960162
126676 0.0960188
126677 0.0960202
126679 0.0960111
126680 0.0960067
126682 0.095997
126683 0.0959876
126684 0.0959868
126685 0.0959835
126688 0.0959831
126689 0.0959772
126690 0.0959663
126691 0.0959629
126692 0.0959462
126693 0.0959466
126695 0.0959432
126699 0.0959387
126701 0.0959368
126702 0.0959393
126703 0.0959676
126704 0.095969
126706 0.0959651
126707 0.0959534
126709 0.0959463
126710 0.0959452
126711 0.0959353
126714 0.0959915
126716 0.0959826
126717 0.0959773
126718 0.0959805
126719 0.0959704
126720 0.0959664
126721 0.0959641
126722 0.0959445
126723 0.0959364
126725 0.0959326
126728 0.0959264
126729 0.0959229
126731 0.0959233
126732 0.0959152
126733 0.0959134
126734 0.0959081
126735 0.0958912
126736 0.0958844
126737 0.0958908
126738 0.0958858
126740 0.0958808
126744 0.095869
126745 0.0958867
126746 0.0958824
126747 0.0958742
126749 0.095867
126776 0.0958525
126777 0.0958404
126778 0.0958346
126779 0.0958284
126780 0.0958325
126782 0.095833
126783 0.0958337
126814 0.0958409
126815 0.095846
126817 0.0958519
126821 0.0958614
126823 0.0958566
126824 0.0958559
126825 0.0958535
126831 0.0958466
126832 0.0958551
126833 0.0958627
126834 0.0958691
126835 0.0958768
126836 0.0958867
126837 0.0958939
126838 0.0958951
126839 0.0959121
126842 0.0959194
126845 0.0959198
126846 0.0959228
126847 0.0959291
126851 0.0959309
126853 0.0959337
126854 0.0959374
126855 0.0959435
126856 0.0959517
126858 0.0959589
126859 0.0959614
126862 0.0959596
126866 0.0959514
126868 0.095941
126869 0.0959365
126870 0.0959307
126871 0.0959375
126872 0.0959468
126874 0.0959548
126875 0.0959615
126877 0.09596
126878 0.0959527
126879 0.0959481
126880 0.0959458
126881 0.0959348
126882 0.0959257
126883 0.0959217
126890 0.0959167
126892 0.095912
126893 0.0959014
126894 0.0958997
126895 0.0958891
126906 0.0958878
126907 0.0958874
126909 0.0958798
126910 0.095863
126911 0.0958603
126912 0.0958587
126913 0.095851
126914 0.0958397
126915 0.0958452
126923 0.095846
126925 0.0958438
126926 0.095831
126929 0.0958253
126931 0.0958155
126932 0.095811
126933 0.09581
126934 0.0958199
126936 0.0958188
126956 0.0958219
126957 0.0958243
126958 0.095828
126992 0.0958275
126994 0.0958272
126995 0.0958275
126996 0.0958267
126997 0.0958261
126998 0.0958256
126999 0.095825
127000 0.0958239
127001 0.0958236
127002 0.0958224
127003 0.0958214
127004 0.0958182
127006 0.0958178
127017 0.0958161
127022 0.0958139
127023 0.0958141
127024 0.0958138
127025 0.0958091
127026 0.0958067
127028 0.0958051
127029 0.0958051
127031 0.095805
127032 0.0958034
127033 0.095803
127034 0.0958018
127059 0.0958049
127061 0.0958131
127062 0.0958228
127064 0.0958278
127065 0.0958385
127066 0.0958471
127067 0.095855
127068 0.0958654
127070 0.095873
127071 0.0958805
127072 0.0958882
127073 0.0958909
127074 0.0958954
127097 0.0959079
127099 0.0959122
127107 0.0959134
127108 0.0959187
127110 0.0959235
127111 0.0959288
127112 0.0959325
127113 0.0959398
127114 0.0959474
127115 0.0959511
127116 0.0959566
127135 0.0959563
127136 0.0959561
127138 0.0959556
127139 0.0959539
127140 0.0959511
127141 0.0959495
127180 0.0959496
127181 0.0959496
127182 0.0959493
127185 0.0959488
127186 0.0959484
127187 0.0959483
127188 0.0959483
127190 0.0959486
127191 0.0959457
127193 0.0959454
127195 0.0959431
127196 0.0959396
127197 0.0959372
127198 0.0959354
127199 0.0959341
127206 0.0959346
127213 0.0959379
127214 0.0959399
127215 0.0959422
127217 0.0959464
127218 0.0959481
127219 0.0959521
127221 0.0959573
127222 0.0959644
127224 0.0959669
127228 0.0959728
127229 0.0959827
127231 0.0959901
127234 0.0959951
127235 0.0960007
127237 0.0960026
127238 0.0960046
127240 0.096013
127241 0.0960188
127247 0.096022
127249 0.0960269
127250 0.0960322
127251 0.096027
127254 0.0960212
127257 0.0960137
127261 0.0960159
127262 0.0960093
127263 0.0960068
127264 0.0960013
127266 0.0959981
127267 0.09601
127268 0.0960083
127269 0.0960067
127270 0.0960056
127271 0.0960013
127272 0.0960018
127273 0.0959944
127278 0.0959938
127279 0.0959939
127280 0.0959924
127283 0.0959947
127285 0.0959937
127287 0.095994
127289 0.0959955
127290 0.0959913
127291 0.0959924
127294 0.0960146
127295 0.0960111
127296 0.0960124
127297 0.0960119
127304 0.0960145
127306 0.0960119
127307 0.0960082
127308 0.0960046
127312 0.0959976
127314 0.0959961
127315 0.0960086
127317 0.0960051
127318 0.0960034
127319 0.0960004
127320 0.0959915
127321 0.0959898
127322 0.095993
127325 0.0959889
127327 0.0959851
127328 0.0959843
127329 0.0959764
127330 0.0959785
127417 0.0959848
127418 0.0959922
127419 0.096011
127420 0.0960446
127421 0.0960786
127422 0.0961143
127423 0.096154
127424 0.0961923
127425 0.0962121
127442 0.0962429
127443 0.0962839
127444 0.0963267
127459 0.0963274
127460 0.0963728
127461 0.0963686
127462 0.0963732
127465 0.0963614
127467 0.096353
127472 0.0963399
127473 0.0963217
127477 0.096312
127478 0.0962944
127479 0.0962736
127481 0.096255
127482 0.09624
127483 0.0962219
127488 0.09621
127489 0.0961904
127492 0.0961713
127493 0.0961504
127498 0.0961496
127499 0.0961509
127501 0.0961522
127502 0.0961537
127503 0.0961535
127504 0.0961659
127506 0.0961654
127507 0.0961627
127508 0.0961607
127509 0.0961598
127510 0.0961568
127512 0.0961539
127513 0.0961516
127518 0.0961503
127521 0.0961891
127523 0.0962382
127524 0.0962885
127525 0.0963044
127527 0.0963302
127531 0.096328
127532 0.0963645
127534 0.0963784
127535 0.096377
127536 0.0963756
127537 0.0963702
127538 0.0963652
127539 0.0963639
127540 0.0963631
127542 0.0963637
127544 0.0963637
127545 0.096363
