  0.000000    
  0.000000    
  0.000000    
  0.000000    
  0.000000    
  0.000000    
  0.000000    
  0.000000    
  0.000000    
  0.000000    
  1.000000    
  0.000000    
  0.000000    
  0.000000    
  0.000000    
  0.000000    
  0.000000    
  0.000000    
  0.000000    
  0.000000    
  0.000000    
  0.000000    
  0.000000    
  0.000000    
  0.000000    
  0.000000    
  0.000000    
  0.000000    
  0.000000    
  0.000000    
  1.000000    
  0.000000    
  0.000000    
  0.000000    
  0.000000    
  0.000000    
  0.000000    
  0.000000    
  0.000000    
  0.000000    
  1.000000    
  0.000000    
  2.000000    
  0.000000    
  0.000000    
  0.000000    
  0.000000    
  0.000000    
  0.000000    
  0.000000    
  5.000000    
  1.000000    
  2.000000    
  1.000000    
  2.000000    
  16.00000    
  0.000000    
  0.000000    
  0.000000    
  0.000000    
  5.000000    
  2.000000    
  4.000000    
  3.000000    
  2.000000    
  7.000000    
  27.00000    
  0.000000    
  0.000000    
  0.000000    
  15.00000    
  3.000000    
  1.000000    
  4.000000    
  3.000000    
  5.000000    
  8.000000    
  24.00000    
  1.000000    
  0.000000    
  13.00000    
  3.000000    
  3.000000    
  1.000000    
  3.000000    
  1.000000    
  5.000000    
  4.000000    
  43.00000    
  0.000000    
  9.000000    
  1.000000    
  3.000000    
  1.000000    
  0.000000    
  2.000000    
  1.000000    
  2.000000    
  5.000000    
  41.00000    
