0.0995543
-0.241568
0.0971245
-0.46784
0.0125473
-0.224566
0.400886
0.583763
-0.0859647
-0.323255
-0.246696
0.178366
-0.44883
-0.744376
0.198901
-0.226216
0.174748
-0.278544
0.10742
0.105601
-0.148269
-0.0147299
-0.402607
0.117496
-0.210578
-0.327962
0.142397
0.256982
-0.652405
0.76765
-0.456373
-0.255928
-0.838576
-0.0401891
-0.48
1.20595
-0.896909
0.850066
0.226921
0.211782
-0.513216
0.456181
0.224382
0.614727
-0.834828
1.25438
0.428347
-0.0331311
-0.519917
0.525117
-0.838249
0.372309
0.864033
0.156627
-0.341451
0.417596
0.123781
-1.76402
0.797332
0.20226
0.0208808
-0.192198
-0.947035
0.263993
0.161399
-0.650974
-0.118873
0.0453366
-0.0542294
0.422959
-0.543256
0.027774
-0.0559628
0.324695
-0.487171
-0.952498
0.62486
0.062872
0.180048
-0.209804
-0.417908
0.258955
0.269332
0.180557
-0.149143
-0.208806
-1.27524
0.130374
0.540228
-0.342995
0.284432
0.349714
-0.110507
-0.125305
0.311518
0.0960074
0.716876
-0.1303
-0.468038
-0.398132
0.521727
0.0678597
-0.187846
-0.66532
-0.116633
0.571545
-0.111326
-0.00554151
0.132586
0.485939
0.247331
0.0504555
0.10537
0.176937
0.798953
0.189991
-0.125198
-0.168868
-0.408229
-0.108703
0.377981
0.703977
0.21882
1.02486
-0.2495
-0.140752
-0.163072
-0.0798617
0.27085
-0.216231
0.24666
0.0815604
-0.233278
-0.100495
0.375036
0.394855
-0.237726
-0.232718
-0.427034
-0.126131
-0.401772
-0.0445261
-0.332427
0.00941533
-0.0174457
0.0368095
-0.583448
0.581133
-0.0503173
0.120548
-0.573937
0.239022
0.519172
0.575098
-0.0836402
0.419754
-0.131636
-0.0331179
0.155848
-0.170111
-0.556962
0.311645
0.0457866
-0.372013
0.00180568
-0.219154
-0.289096
-0.807796
0.288405
-0.367383
0.0856089
-0.369346
-0.166885
-0.043624
0.0240351
-0.140489
0.196143
-0.708645
0.371185
-1.10854
-0.400306
-0.285924
0.164822
-0.0862263
-0.59836
-0.691578
0.640971
0.0270007
0.615024
0.217548
-0.475473
0.855557
0.110127
0.0120737
0.78723
-0.43792
-0.489906
-0.542736
-0.00437629
0.367952
0.757985
0.852143
-0.503841
0.230114
-0.139449
-0.234669
0.62041
0.0758844
0.964446
0.842718
0.868121
0.0243306
-0.679535
0.870024
-0.40214
0.435092
0.144836
0.473072
-0.474401
-0.88837
-0.181721
0.941466
0.300365
-0.897028
3.8801
-0.100267
-0.380841
-0.385818
-0.336512
-0.00458461
-0.0976921
-0.222059
-0.768128
-0.414783
-0.209633
1.03698
-0.150329
-0.54239
-0.160082
-0.166793
-0.496621
-0.216156
-0.643069
0.00348421
-0.244296
0.343068
-0.326405
0.849282
0.848988
0.644823
0.709514
0.491644
-1.11067
0.0309289
0.135571
0.733743
-1.77353
-0.192195
0.249247
-0.175181
-0.31723
-0.0449658
-0.295093
-0.662135
-0.524073
-1.74037
2.9062
-1.76455
-0.303237
0.144438
-0.812698
-0.841648
0.180318
-0.802869
-0.287573
0.634213
-0.682083
0.169898
-0.225371
-0.692466
-0.669008
-0.260985
-0.409124
0.804739
-0.536477
-0.18485
0.82975
-0.287812
-0.165132
1.41148
0.266605
-0.510768
-0.925242
-1.4031
-0.162392
-1.7646
-0.21795
-2.34245
-2.66444
0.446188
-1.17806
-1.11586
-0.365997
-1.0609
0.373674
-0.917569
1.69111
-2.87457
-1.66736
-1.32939
-1.09554
-1.52245
-0.167962
-0.959236
0.191025
1.01243
-1.52895
-1.18633
-1.08806
1.55515
1.29199
-0.771579
-1.1526
-1.73646
-0.470999
-1.27722
-2.50051
0.833212
-1.48955
-0.355863
-0.46189
-1.10811
-0.0711842
0.106425
0.429664
0.207866
11.5905
0.768021
-0.45833
-0.0523356
-0.398319
-0.212101
0.217826
0.321652
-0.0583432
-2.21372
-1.6853
-4.36727
-0.244379
-0.623435
-0.246218
-0.367537
-2.47729
-2.62801
7.22623
-2.10178
-1.65561
-0.133706
-1.39356
-0.599067
-2.84666
-2.10895
-0.672185
-0.427758
1.29089
1.01997
0.492156
0.866395
0.766758
0.845413
0.274774
1.25217
1.39541
1.636
-4.25324
1.19917
1.94174
2.21323
0.468588
0.673815
0.579135
0.518836
1.83566
0.380718
1.30672
-0.114026
-1.13317
0.193133
-0.554838
-0.13331
-0.442401
-0.770113
-0.760501
-1.09855
-0.189285
-0.597966
-0.202692
-1.13597
-0.33636
-0.965193
-0.745409
-0.406636
-0.494397
-0.572767
-0.385833
0.0665444
-0.0574105
-0.258544
-0.56381
0.497046
1.0385
1.65534
-1.06364
-0.129361
-1.07104
2.56373
-6.95179
1.70343
1.27137
0.761358
0.810516
1.05293
1.45941
0.633033
-0.0469366
0.92722
0.417664
0.494019
0.511775
-0.52895
0.0643811
0.0064465
0.0773706
-0.236425
0.469147
0.629945
0.354348
0.977756
0.484671
-0.395335
0.647269
0.237249
-0.0940215
0.454435
1.12362
0.359179
0.273032
0.169709
0.0674487
0.112941
-0.332764
0.231457
0.0635744
-0.472217
-0.531621
0.154051
-0.439414
-0.00998072
0.149093
5.64681
-0.626742
-1.10856
-1.84117
-0.197624
0.320564
-1.00255
0.299679
-1.96931
-0.685996
0.106944
-0.51252
-0.693256
-0.38303
0.18616
0.330002
-0.147656
-0.212573
-0.140864
0.3008
-0.418466
1.19926
0.248088
0.328506
-0.305967
-0.364275
0.389279
0.257703
0.0711824
0.992178
-0.0481047
0.418588
0.0958805
-0.50738
0.0578586
0.0305539
0.577625
0.538963
-0.837451
-0.0152661
-0.515795
-0.160001
0.412869
-0.357523
1.34505
-0.0527676
1.44214
-0.169438
-0.429815
-0.754237
-0.527337
0.136291
-0.803809
-0.0138635
0.0340956
0.0515984
-0.159578
-0.722254
0.216895
-0.0396243
-0.525014
-0.294664
0.421606
0.0136211
0.249358
-0.0312804
-0.118835
0.0651241
-0.112258
-0.181895
0.49322
0.215854
-0.845149
-0.364631
0.306175
0.170734
0.901868
-0.0853815
-0.490319
0.349823
0.0873276
0.167273
-0.225973
-0.895261
0.75162
-0.272044
0.34597
-0.878285
0.464097
-0.538258
0.242554
-0.655561
0.303211
0.470129
-0.187621
-0.0819998
1.73983
0.584391
-0.541763
0.00942985
-0.194811
-0.931268
0.950829
-0.530731
-0.151009
-0.536828
-0.512351
0.268751
0.378016
-0.398634
-0.211345
0.0213243
-0.634621
1.38919
0.381087
0.851714
0.530847
-0.799833
0.208838
-0.452179
0.82236
0.679847
-0.261747
0.202858
-0.0215041
-1.08612
0.796766
-0.39234
0.31568
-0.739043
-1.1635
0.174618
0.710277
-0.646734
-0.120233
0.32823
-0.292917
0.156628
-0.764288
0.235935
-0.535269
-0.354642
-0.345119
0.765229
-0.196068
0.31655
-0.713678
0.270982
0.288149
-0.440093
-0.0964395
0.815423
0.896785
-0.440026
0.457853
-0.529594
0.159522
-1.11824
-0.155178
0.766031
-1.00636
0.78864
-0.347406
1.18015
-0.61458
-0.0227907
1.62336
0.106516
-0.995944
1.01809
-0.46575
0.560778
-0.249491
-0.728344
0.84289
-0.154604
0.0869116
-0.509831
-0.111019
0.700346
0.0445027
-0.181616
0.202851
-0.398252
0.143901
0.14342
-0.783649
0.127736
-0.292883
-0.0133515
0.656116
-0.755952
0.036331
-0.155939
-0.421637
-0.697794
0.296493
-0.372816
0.757108
-0.355355
-0.0141525
-0.0276347
-1.06027
0.286707
0.0606138
1.12306
0.609155
-0.265789
-0.201482
-0.192885
0.317166
-0.237531
-0.135906
-0.0490434
-0.652339
-0.300466
-0.46616
-0.0115254
0.493764
-0.363986
-0.463456
-0.0225465
-0.450767
-1.04382
-0.144231
-0.527432
0.1283
-0.0842949
-1.25932
0.748212
-0.00414198
0.0656815
-1.09809
0.499995
-0.633287
-2.2123
1.3045
1.29091
0.0562429
1.50353
-2.74324
-0.24812
-0.796467
0.213709
6.79433
-0.701143
-1.95602
-0.139031
-1.58685
-1.29359
0.595387
0.564247
0.360857
0.51435
-0.529048
1.25187
-0.790696
9.57519e-05
-0.087185
-0.413489
0.128097
-0.584654
0.496883
-0.413907
0.0658266
0.440187
-1.28347
0.425946
-0.322839
-0.914158
0.424214
0.00838346
-0.0380558
-0.161548
-0.17758
0.355231
-0.269502
0.457015
-0.753913
-0.469238
-0.769154
0.684558
-0.315531
-0.476994
0.319203
-0.475504
0.125359
-0.242797
-0.137439
-0.292845
0.144899
-0.377713
-0.263936
-0.555609
0.679274
0.555875
0.386758
0.301874
0.189178
0.759426
-0.670682
0.221123
-0.515173
0.768918
0.578578
-0.925426
0.524124
0.36006
-0.867668
0.804052
-0.838778
-0.0562695
0.961636
0.602192
-0.809873
0.477264
0.0372799
-0.63137
0.0131752
-0.886844
0.324614
0.194942
0.601194
-0.522105
-0.635556
0.224156
-0.906891
-0.477035
-0.104918
0.897239
-0.484288
0.0600171
-0.153393
-0.554875
-0.256195
-0.0125954
0.203575
-0.147951
-0.00842272
-0.506648
0.620393
-0.749071
0.737098
0.0817118
0.557973
1.13689
-0.614795
-1.7768
0.265425
-0.35444
0.983028
-0.49064
-0.372053
0.241402
